01d00h39m-01d21h09m:05,20,05,35
01d01h58m-01d22h01m:15,10,15,35,18,35
01d03h07m-01d23h59m:15,40,27,40
01d04h18m-01d23h59m:60,10,60,25
01d05h51m-01d21h29m:57,30,57,45
01d07h18m-01d20h40m:25,25,30,25,30,30,35,30
01d08h04m-01d23h59m:42,08,42,15,47,15,47,27,55,27
01d09h56m-01d21h07m:67,37,67,22
01d11h19m-01d20h47m:50,10,55,10,55,25
02d00h22m-02d23h59m:25,45,45,45,45,40
02d01h18m-02d21h25m:10,20,10,40,35,40
02d02h22m-02d23h59m:05,20,05,35
02d03h33m-02d22h29m:15,10,15,35,18,35
02d04h33m-02d20h00m:08,03,08,23,20,23
02d05h29m-02d20h48m:57,30,57,45
02d06h34m-02d22h55m:25,25,30,25,30,30,35,30
02d08h01m-02d22h39m:42,08,42,15,47,15,47,27,55,27
02d09h05m-02d20h04m:17,15,25,15
02d09h57m-02d23h59m:25,45,45,45,45,40
02d11h15m-02d21h32m:05,20,05,35
03d00h02m-03d20h34m:15,10,15,35,18,35
03d01h20m-03d21h14m:15,40,27,40
03d02h15m-03d23h59m:08,03,08,23,20,23
03d02h52m-03d23h59m:60,10,60,25
03d03h41m-03d22h30m:57,30,57,45
03d04h47m-03d22h34m:15,25,15,30,20,30,20,35,30,35,30,40
03d05h46m-03d22h53m:15,03,22,03,22,08,37,08,37,12
03d06h50m-03d21h17m:67,37,67,22
03d07h31m-03d20h18m:17,15,25,15
03d08h25m-03d22h04m:50,10,55,10,55,25
03d09h31m-03d21h34m:10,20,10,40,35,40
03d10h28m-03d21h29m:15,10,15,35,18,35
03d11h19m-03d21h10m:08,03,08,23,20,23
04d00h04m-04d21h53m:57,30,57,45
04d01h25m-04d23h59m:15,25,15,30,20,30,20,35,30,35,30,40
04d02h10m-04d20h30m:25,25,30,25,30,30,35,30
04d03h15m-04d22h48m:15,03,22,03,22,08,37,08,37,12
04d04h22m-04d20h22m:67,37,67,22
04d05h17m-04d22h00m:17,15,25,15
04d06h23m-04d20h52m:50,10,55,10,55,25
04d07h07m-04d23h59m:25,45,45,45,45,40
04d08h08m-04d22h26m:10,20,10,40,35,40
04d09h22m-04d23h59m:05,20,05,35
04d10h21m-04d20h03m:15,10,15,35,18,35
04d11h02m-04d20h01m:15,40,27,40
05d00h05m-05d22h12m:08,03,08,23,20,23
05d01h10m-05d22h19m:60,10,60,25
05d02h05m-05d22h51m:57,30,57,45
05d02h53m-05d20h35m:15,25,15,30,20,30,20,35,30,35,30,40
05d03h55m-05d23h59m:15,03,22,03,22,08,37,08,37,12
05d04h40m-05d20h41m:42,08,42,15,47,15,47,27,55,27
05d05h54m-05d23h59m:67,37,67,22
05d06h46m-05d20h48m:50,10,55,10,55,25
05d07h45m-05d20h37m:25,45,45,45,45,40
05d08h31m-05d20h32m:05,20,05,35
05d09h28m-05d20h41m:15,10,15,35,18,35
05d10h25m-05d21h02m:08,03,08,23,20,23
05d11h01m-05d22h22m:60,10,60,25
06d00h17m-06d20h13m:15,25,15,30,20,30,20,35,30,35,30,40
06d02h01m-06d22h13m:25,25,30,25,30,30,35,30
06d03h03m-06d22h00m:15,03,22,03,22,08,37,08,37,12
06d04h44m-06d23h59m:42,08,42,15,47,15,47,27,55,27
06d06h37m-06d20h43m:17,15,25,15
06d07h48m-06d22h48m:50,10,55,10,55,25
06d09h38m-06d20h31m:25,45,45,45,45,40
06d11h04m-06d21h01m:05,20,05,35
07d00h16m-07d20h40m:15,40,27,40
07d00h57m-07d20h42m:08,03,08,23,20,23
07d02h01m-07d22h39m:57,30,57,45
07d03h09m-07d20h51m:15,25,15,30,20,30,20,35,30,35,30,40
07d03h58m-07d20h27m:15,03,22,03,22,08,37,08,37,12
07d04h55m-07d23h59m:67,37,67,22
07d05h35m-07d21h59m:17,15,25,15
07d06h47m-07d23h59m:25,45,45,45,45,40
07d07h34m-07d22h11m:10,20,10,40,35,40
07d08h17m-07d22h30m:15,10,15,35,18,35
07d09h24m-07d23h59m:08,03,08,23,20,23
07d10h22m-07d22h01m:57,30,57,45
07d11h09m-07d21h54m:15,25,15,30,20,30,20,35,30,35,30,40
08d00h08m-08d21h08m:15,03,22,03,22,08,37,08,37,12
08d01h41m-08d22h31m:42,08,42,15,47,15,47,27,55,27
08d02h56m-08d23h59m:17,15,25,15
08d03h45m-08d22h35m:50,10,55,10,55,25
08d04h56m-08d23h59m:10,20,10,40,35,40
08d06h16m-08d22h22m:05,20,05,35
08d07h16m-08d23h59m:15,10,15,35,18,35
08d08h54m-08d21h40m:15,40,27,40
08d10h11m-08d22h20m:60,10,60,25
08d10h56m-08d22h02m:15,25,15,30,20,30,20,35,30,35,30,40
09d00h05m-09d21h15m:25,25,30,25,30,30,35,30
09d01h11m-09d21h09m:42,08,42,15,47,15,47,27,55,27
09d02h08m-09d22h11m:67,37,67,22
09d03h00m-09d20h32m:50,10,55,10,55,25
09d03h45m-09d20h03m:10,20,10,40,35,40
09d04h56m-09d22h39m:15,10,15,35,18,35
09d05h41m-09d23h59m:08,03,08,23,20,23
09d06h30m-09d20h15m:60,10,60,25
09d07h44m-09d21h26m:15,25,15,30,20,30,20,35,30,35,30,40
09d08h36m-09d22h24m:15,03,22,03,22,08,37,08,37,12
09d09h33m-09d22h22m:67,37,67,22
09d10h13m-09d23h59m:17,15,25,15
09d11h11m-09d20h33m:25,45,45,45,45,40
10d00h24m-10d21h24m:05,20,05,35
10d01h51m-10d22h28m:15,40,27,40
10d03h13m-10d22h47m:60,10,60,25
10d04h32m-10d23h59m:15,25,15,30,20,30,20,35,30,35,30,40
10d06h30m-10d23h59m:15,03,22,03,22,08,37,08,37,12
10d07h34m-10d23h59m:42,08,42,15,47,15,47,27,55,27
10d09h34m-10d21h26m:67,37,67,22
10d11h10m-10d23h59m:17,15,25,15
11d00h02m-11d22h39m:50,10,55,10,55,25
11d01h25m-11d21h41m:10,20,10,40,35,40
11d02h29m-11d23h59m:05,20,05,35
11d03h11m-11d22h51m:15,40,27,40
11d04h14m-11d23h59m:08,03,08,23,20,23
11d05h23m-11d22h58m:60,10,60,25
11d06h06m-11d22h16m:57,30,57,45
11d07h28m-11d20h15m:15,25,15,30,20,30,20,35,30,35,30,40
11d08h21m-11d23h59m:25,25,30,25,30,30,35,30
11d09h25m-11d22h46m:42,08,42,15,47,15,47,27,55,27
11d10h12m-11d22h55m:67,37,67,22
11d11h09m-11d20h10m:17,15,25,15
12d00h22m-12d21h35m:50,10,55,10,55,25
12d01h29m-12d21h58m:10,20,10,40,35,40
12d02h41m-12d22h06m:15,10,15,35,18,35
12d04h09m-12d20h42m:08,03,08,23,20,23
12d05h59m-12d22h18m:60,10,60,25
12d07h02m-12d21h02m:57,30,57,45
12d08h34m-12d20h55m:15,25,15,30,20,30,20,35,30,35,30,40
12d09h56m-12d23h59m:25,25,30,25,30,30,35,30
12d10h53m-12d23h59m:42,08,42,15,47,15,47,27,55,27
13d00h02m-13d20h03m:17,15,25,15
13d01h26m-13d23h59m:50,10,55,10,55,25
13d03h07m-13d20h03m:10,20,10,40,35,40
13d04h38m-13d21h06m:15,10,15,35,18,35
13d05h48m-13d23h59m:15,40,27,40
13d06h41m-13d23h59m:08,03,08,23,20,23
13d08h17m-13d21h32m:57,30,57,45
13d09h46m-13d20h23m:15,25,15,30,20,30,20,35,30,35,30,40
13d10h50m-13d22h57m:25,25,30,25,30,30,35,30
14d00h19m-14d23h59m:42,08,42,15,47,15,47,27,55,27
14d00h55m-14d22h07m:67,37,67,22
14d01h51m-14d20h12m:50,10,55,10,55,25
14d02h42m-14d23h59m:25,45,45,45,45,40
14d03h31m-14d21h32m:10,20,10,40,35,40
14d04h28m-14d22h49m:15,10,15,35,18,35
14d05h09m-14d22h38m:08,03,08,23,20,23
14d06h19m-14d22h23m:60,10,60,25
14d07h00m-14d23h59m:57,30,57,45
14d07h49m-14d23h59m:25,25,30,25,30,30,35,30
14d08h47m-14d21h55m:15,03,22,03,22,08,37,08,37,12
14d09h38m-14d20h49m:67,37,67,22
14d10h25m-14d23h59m:17,15,25,15
14d11h16m-14d22h02m:50,10,55,10,55,25
15d00h07m-15d20h21m:10,20,10,40,35,40
15d01h13m-15d22h21m:15,10,15,35,18,35
15d02h41m-15d22h33m:15,40,27,40
15d03h49m-15d21h10m:08,03,08,23,20,23
15d05h09m-15d23h59m:60,10,60,25
15d06h25m-15d20h32m:57,30,57,45
15d07h33m-15d23h59m:25,25,30,25,30,30,35,30
15d08h26m-15d23h59m:42,08,42,15,47,15,47,27,55,27
15d09h54m-15d20h44m:67,37,67,22
15d10h53m-15d23h59m:50,10,55,10,55,25
16d00h10m-16d22h42m:10,20,10,40,35,40
16d02h00m-16d23h59m:05,20,05,35
16d03h30m-16d22h35m:15,40,27,40
16d05h09m-16d21h10m:60,10,60,25
16d06h31m-16d20h56m:57,30,57,45
16d07h50m-16d20h43m:25,25,30,25,30,30,35,30
16d09h13m-16d22h10m:15,03,22,03,22,08,37,08,37,12
16d10h36m-16d21h45m:67,37,67,22
17d00h32m-17d20h39m:50,10,55,10,55,25
17d01h16m-17d23h59m:25,45,45,45,45,40
17d02h50m-17d23h59m:05,20,05,35
17d04h09m-17d21h47m:15,10,15,35,18,35
17d04h59m-17d23h59m:15,40,27,40
17d06h10m-17d20h45m:08,03,08,23,20,23
17d07h37m-17d21h23m:57,30,57,45
17d08h44m-17d23h59m:25,25,30,25,30,30,35,30
17d10h03m-17d22h36m:15,03,22,03,22,08,37,08,37,12
17d11h22m-17d23h59m:67,37,67,22
18d00h01m-18d21h47m:50,10,55,10,55,25
18d01h18m-18d20h49m:25,45,45,45,45,40
18d02h42m-18d20h04m:05,20,05,35
18d03h43m-18d23h59m:15,40,27,40
18d05h23m-18d22h10m:60,10,60,25
18d06h07m-18d21h36m:15,25,15,30,20,30,20,35,30,35,30,40
18d07h20m-18d21h12m:15,03,22,03,22,08,37,08,37,12
18d08h54m-18d22h03m:42,08,42,15,47,15,47,27,55,27
18d10h10m-18d22h37m:17,15,25,15
18d10h56m-18d20h01m:25,45,45,45,45,40
19d00h07m-19d21h51m:10,20,10,40,35,40
19d01h15m-19d23h59m:15,10,15,35,18,35
19d02h43m-19d23h59m:15,40,27,40
19d03h48m-19d22h27m:60,10,60,25
19d05h02m-19d23h59m:15,25,15,30,20,30,20,35,30,35,30,40
19d06h09m-19d22h16m:25,25,30,25,30,30,35,30
19d07h34m-19d22h20m:15,03,22,03,22,08,37,08,37,12
19d08h29m-19d22h42m:42,08,42,15,47,15,47,27,55,27
19d10h04m-19d20h24m:67,37,67,22
19d10h48m-19d21h53m:17,15,25,15
20d00h06m-20d21h26m:50,10,55,10,55,25
20d01h35m-20d22h51m:25,45,45,45,45,40
20d02h43m-20d22h33m:10,20,10,40,35,40
20d04h02m-20d20h44m:05,20,05,35
20d05h28m-20d22h34m:15,40,27,40
20d06h51m-20d21h46m:60,10,60,25
20d08h22m-20d21h55m:15,25,15,30,20,30,20,35,30,35,30,40
20d09h22m-20d20h52m:25,25,30,25,30,30,35,30
20d11h17m-20d23h59m:42,08,42,15,47,15,47,27,55,27
21d00h25m-21d23h59m:67,37,67,22
21d01h18m-21d23h59m:17,15,25,15
21d02h01m-21d22h34m:25,45,45,45,45,40
21d02h50m-21d21h44m:10,20,10,40,35,40
21d03h56m-21d21h05m:15,10,15,35,18,35
21d04h55m-21d21h33m:15,40,27,40
21d05h48m-21d21h22m:60,10,60,25
21d06h33m-21d20h29m:15,25,15,30,20,30,20,35,30,35,30,40
21d07h31m-21d23h59m:15,03,22,03,22,08,37,08,37,12
21d08h36m-21d22h56m:42,08,42,15,47,15,47,27,55,27
21d09h21m-21d23h59m:67,37,67,22
21d10h25m-21d21h03m:50,10,55,10,55,25
21d11h21m-21d23h59m:10,20,10,40,35,40
22d00h39m-22d22h39m:15,10,15,35,18,35
22d01h44m-22d23h59m:15,40,27,40
22d03h17m-22d23h59m:08,03,08,23,20,23
22d04h40m-22d20h46m:60,10,60,25
22d06h14m-22d23h59m:57,30,57,45
22d07h45m-22d21h38m:25,25,30,25,30,30,35,30
22d09h33m-22d20h35m:15,03,22,03,22,08,37,08,37,12
22d10h37m-22d22h32m:67,37,67,22
23d00h14m-23d23h59m:17,15,25,15
23d01h04m-23d23h59m:50,10,55,10,55,25
23d01h45m-23d22h24m:10,20,10,40,35,40
23d02h39m-23d20h25m:05,20,05,35
23d03h45m-23d21h57m:15,10,15,35,18,35
23d04h15m-23d21h03m:15,40,27,40
23d05h18m-23d23h59m:08,03,08,23,20,23
23d06h02m-23d20h09m:60,10,60,25
23d07h07m-23d22h52m:15,25,15,30,20,30,20,35,30,35,30,40
23d07h47m-23d20h59m:25,25,30,25,30,30,35,30
23d08h32m-23d20h39m:15,03,22,03,22,08,37,08,37,12
23d09h39m-23d20h50m:67,37,67,22
23d10h32m-23d23h59m:50,10,55,10,55,25
23d11h05m-23d23h59m:25,45,45,45,45,40
24d00h13m-24d23h59m:10,20,10,40,35,40
24d01h13m-24d22h53m:05,20,05,35
24d02h10m-24d23h59m:15,40,27,40
24d03h06m-24d23h59m:60,10,60,25
24d04h14m-24d21h25m:57,30,57,45
24d05h03m-24d22h52m:15,25,15,30,20,30,20,35,30,35,30,40
24d06h15m-24d20h42m:25,25,30,25,30,30,35,30
24d07h01m-24d20h03m:15,03,22,03,22,08,37,08,37,12
24d08h21m-24d21h21m:42,08,42,15,47,15,47,27,55,27
24d09h02m-24d20h54m:67,37,67,22
24d10h02m-24d21h55m:17,15,25,15
24d11h23m-24d22h00m:25,45,45,45,45,40
25d00h34m-25d23h59m:05,20,05,35
25d01h30m-25d21h50m:15,10,15,35,18,35
25d03h12m-25d23h59m:15,40,27,40
25d05h14m-25d21h42m:60,10,60,25
25d06h36m-25d21h47m:57,30,57,45
25d07h41m-25d22h14m:25,25,30,25,30,30,35,30
25d09h24m-25d22h06m:42,08,42,15,47,15,47,27,55,27
25d11h06m-25d22h19m:17,15,25,15
26d00h31m-26d20h49m:25,45,45,45,45,40
26d01h33m-26d22h34m:10,20,10,40,35,40
26d03h14m-26d23h59m:15,10,15,35,18,35
26d04h09m-26d22h15m:08,03,08,23,20,23
26d05h52m-26d22h37m:60,10,60,25
26d06h53m-26d20h36m:15,25,15,30,20,30,20,35,30,35,30,40
26d08h21m-26d22h38m:15,03,22,03,22,08,37,08,37,12
26d09h27m-26d21h10m:42,08,42,15,47,15,47,27,55,27
26d10h49m-26d22h06m:17,15,25,15
27d00h14m-27d20h21m:50,10,55,10,55,25
27d01h25m-27d21h35m:10,20,10,40,35,40
27d02h22m-27d21h49m:15,10,15,35,18,35
27d03h28m-27d21h59m:15,40,27,40
27d04h46m-27d21h59m:60,10,60,25
27d05h31m-27d20h45m:57,30,57,45
27d06h55m-27d23h59m:25,25,30,25,30,30,35,30
27d08h01m-27d22h00m:42,08,42,15,47,15,47,27,55,27
27d09h05m-27d22h21m:17,15,25,15
27d10h11m-27d22h28m:25,45,45,45,45,40
27d11h11m-27d22h44m:05,20,05,35
28d00h22m-28d22h23m:15,10,15,35,18,35
28d01h36m-28d21h28m:08,03,08,23,20,23
28d02h33m-28d22h57m:57,30,57,45
28d03h47m-28d20h34m:15,25,15,30,20,30,20,35,30,35,30,40
28d05h17m-28d20h07m:15,03,22,03,22,08,37,08,37,12
28d06h35m-28d21h39m:42,08,42,15,47,15,47,27,55,27
28d07h20m-28d20h20m:17,15,25,15
28d08h53m-28d20h18m:50,10,55,10,55,25
28d09h49m-28d20h09m:10,20,10,40,35,40
28d11h18m-28d22h05m:05,20,05,35
