01d00h15m-01d22h39m:05,20,05,35
01d01h32m-01d20h33m:15,40,27,40
01d02h52m-01d20h35m:08,03,08,23,20,23
01d03h42m-01d22h27m:60,10,60,25
01d05h11m-01d21h10m:15,25,15,30,20,30,20,35,30,35,30,40
01d06h06m-01d20h34m:15,03,22,03,22,08,37,08,37,12
01d07h32m-01d20h33m:42,08,42,15,47,15,47,27,55,27
01d08h42m-01d21h05m:17,15,25,15
01d10h08m-01d22h17m:25,45,45,45,45,40
01d11h04m-01d21h54m:10,20,10,40,35,40
02d00h20m-02d22h40m:05,20,05,35
02d01h31m-02d21h34m:15,40,27,40
02d02h45m-02d23h59m:08,03,08,23,20,23
02d04h02m-02d22h52m:57,30,57,45
02d05h47m-02d22h32m:25,25,30,25,30,30,35,30
02d06h47m-02d22h25m:42,08,42,15,47,15,47,27,55,27
02d08h23m-02d23h59m:17,15,25,15
02d09h21m-02d23h59m:25,45,45,45,45,40
02d10h47m-02d21h52m:10,20,10,40,35,40
03d00h20m-03d20h30m:15,10,15,35,18,35
03d01h08m-03d22h46m:08,03,08,23,20,23
03d02h23m-03d22h51m:57,30,57,45
03d03h24m-03d21h42m:15,25,15,30,20,30,20,35,30,35,30,40
03d04h40m-03d22h18m:15,03,22,03,22,08,37,08,37,12
03d05h56m-03d21h03m:67,37,67,22
03d06h42m-03d22h39m:50,10,55,10,55,25
03d07h53m-03d21h16m:25,45,45,45,45,40
03d08h55m-03d23h59m:10,20,10,40,35,40
03d09h49m-03d23h59m:05,20,05,35
03d11h14m-03d21h31m:15,10,15,35,18,35
04d00h24m-04d23h59m:15,40,27,40
04d01h13m-04d22h03m:08,03,08,23,20,23
04d02h39m-04d22h08m:60,10,60,25
04d03h39m-04d21h09m:57,30,57,45
04d05h10m-04d23h59m:25,25,30,25,30,30,35,30
04d06h21m-04d23h59m:15,03,22,03,22,08,37,08,37,12
04d07h24m-04d22h55m:67,37,67,22
04d08h50m-04d23h59m:17,15,25,15
04d09h41m-04d20h48m:25,45,45,45,45,40
04d10h48m-04d21h14m:05,20,05,35
05d00h11m-05d23h59m:15,10,15,35,18,35
05d00h56m-05d20h17m:08,03,08,23,20,23
05d01h54m-05d23h59m:57,30,57,45
05d02h48m-05d22h44m:25,25,30,25,30,30,35,30
05d03h27m-05d20h15m:42,08,42,15,47,15,47,27,55,27
05d04h16m-05d22h48m:17,15,25,15
05d05h22m-05d21h27m:50,10,55,10,55,25
05d06h19m-05d22h03m:10,20,10,40,35,40
05d07h10m-05d23h59m:05,20,05,35
05d07h46m-05d20h54m:15,10,15,35,18,35
05d08h51m-05d21h53m:15,40,27,40
05d09h46m-05d21h54m:08,03,08,23,20,23
05d10h14m-05d21h38m:60,10,60,25
05d11h14m-05d20h41m:57,30,57,45
06d00h11m-06d21h40m:15,25,15,30,20,30,20,35,30,35,30,40
06d01h18m-06d20h58m:25,25,30,25,30,30,35,30
06d01h51m-06d23h59m:42,08,42,15,47,15,47,27,55,27
06d02h45m-06d21h35m:17,15,25,15
06d03h43m-06d21h50m:50,10,55,10,55,25
06d05h01m-06d21h43m:10,20,10,40,35,40
06d05h50m-06d22h18m:05,20,05,35
06d06h47m-06d20h02m:15,10,15,35,18,35
06d07h20m-06d23h59m:15,40,27,40
06d08h24m-06d23h59m:08,03,08,23,20,23
06d09h24m-06d23h59m:60,10,60,25
06d10h20m-06d21h26m:57,30,57,45
06d11h08m-06d21h17m:15,25,15,30,20,30,20,35,30,35,30,40
07d00h12m-07d21h29m:25,25,30,25,30,30,35,30
07d01h48m-07d21h22m:15,03,22,03,22,08,37,08,37,12
07d03h35m-07d20h07m:42,08,42,15,47,15,47,27,55,27
07d05h12m-07d21h39m:67,37,67,22
07d06h38m-07d21h21m:50,10,55,10,55,25
07d08h01m-07d22h05m:10,20,10,40,35,40
07d09h30m-07d20h41m:05,20,05,35
07d10h36m-07d22h09m:15,10,15,35,18,35
08d00h00m-08d23h59m:15,40,27,40
08d01h17m-08d22h01m:08,03,08,23,20,23
08d02h37m-08d22h07m:60,10,60,25
08d03h31m-08d22h04m:57,30,57,45
08d04h39m-08d23h59m:15,25,15,30,20,30,20,35,30,35,30,40
08d05h26m-08d22h08m:25,25,30,25,30,30,35,30
08d06h31m-08d22h36m:15,03,22,03,22,08,37,08,37,12
08d07h44m-08d21h37m:42,08,42,15,47,15,47,27,55,27
08d08h42m-08d20h52m:67,37,67,22
08d09h47m-08d21h55m:17,15,25,15
08d11h12m-08d22h30m:50,10,55,10,55,25
09d00h43m-09d21h06m:10,20,10,40,35,40
09d01h48m-09d22h20m:05,20,05,35
09d03h00m-09d20h55m:15,10,15,35,18,35
09d05h08m-09d20h30m:08,03,08,23,20,23
09d06h20m-09d21h39m:60,10,60,25
09d07h56m-09d21h56m:15,25,15,30,20,30,20,35,30,35,30,40
09d09h03m-09d21h30m:25,25,30,25,30,30,35,30
09d11h14m-09d21h53m:15,03,22,03,22,08,37,08,37,12
10d00h09m-10d22h38m:42,08,42,15,47,15,47,27,55,27
10d01h05m-10d21h43m:67,37,67,22
10d02h13m-10d23h59m:50,10,55,10,55,25
10d02h48m-10d20h18m:25,45,45,45,45,40
10d03h52m-10d20h49m:05,20,05,35
10d04h35m-10d22h27m:15,40,27,40
10d05h42m-10d20h38m:08,03,08,23,20,23
10d06h26m-10d23h59m:60,10,60,25
10d07h40m-10d20h39m:15,25,15,30,20,30,20,35,30,35,30,40
10d08h38m-10d22h03m:15,03,22,03,22,08,37,08,37,12
10d09h35m-10d21h14m:42,08,42,15,47,15,47,27,55,27
10d10h12m-10d23h59m:17,15,25,15
10d11h05m-10d23h59m:25,45,45,45,45,40
11d00h13m-11d23h59m:10,20,10,40,35,40
11d01h27m-11d23h59m:05,20,05,35
11d03h18m-11d21h18m:15,10,15,35,18,35
11d04h12m-11d23h59m:15,40,27,40
11d05h26m-11d21h29m:08,03,08,23,20,23
11d06h48m-11d22h19m:60,10,60,25
11d08h35m-11d21h19m:57,30,57,45
11d09h32m-11d20h48m:25,25,30,25,30,30,35,30
11d11h11m-11d20h53m:42,08,42,15,47,15,47,27,55,27
12d00h21m-12d21h19m:67,37,67,22
12d00h57m-12d22h05m:50,10,55,10,55,25
12d01h59m-12d21h59m:25,45,45,45,45,40
12d02h44m-12d23h59m:05,20,05,35
12d03h30m-12d20h00m:15,40,27,40
12d04h23m-12d20h09m:08,03,08,23,20,23
12d05h08m-12d20h45m:60,10,60,25
12d06h21m-12d20h05m:57,30,57,45
12d07h11m-12d22h55m:25,25,30,25,30,30,35,30
12d07h40m-12d21h03m:42,08,42,15,47,15,47,27,55,27
12d08h33m-12d22h09m:67,37,67,22
12d09h26m-12d22h26m:17,15,25,15
12d10h32m-12d22h10m:25,45,45,45,45,40
12d11h21m-12d20h13m:10,20,10,40,35,40
13d00h17m-13d20h26m:05,20,05,35
13d01h36m-13d22h59m:15,40,27,40
13d02h54m-13d22h09m:60,10,60,25
13d04h39m-13d20h35m:15,25,15,30,20,30,20,35,30,35,30,40
13d05h28m-13d20h27m:25,25,30,25,30,30,35,30
13d07h18m-13d20h20m:42,08,42,15,47,15,47,27,55,27
13d08h28m-13d20h20m:17,15,25,15
13d09h55m-13d23h59m:25,45,45,45,45,40
13d11h16m-13d22h45m:05,20,05,35
14d00h13m-14d23h59m:15,40,27,40
14d01h36m-14d22h23m:08,03,08,23,20,23
14d02h38m-14d22h55m:60,10,60,25
14d03h43m-14d21h45m:15,25,15,30,20,30,20,35,30,35,30,40
14d04h55m-14d21h22m:15,03,22,03,22,08,37,08,37,12
14d06h08m-14d22h26m:67,37,67,22
14d07h40m-14d20h30m:17,15,25,15
14d08h51m-14d20h33m:50,10,55,10,55,25
14d09h44m-14d20h10m:25,45,45,45,45,40
14d10h54m-14d23h59m:05,20,05,35
15d00h17m-15d22h26m:15,10,15,35,18,35
15d01h33m-15d21h15m:15,40,27,40
15d02h22m-15d22h43m:60,10,60,25
15d03h45m-15d20h45m:57,30,57,45
15d04h45m-15d21h04m:25,25,30,25,30,30,35,30
15d05h31m-15d23h59m:15,03,22,03,22,08,37,08,37,12
15d06h38m-15d23h59m:67,37,67,22
15d07h43m-15d21h19m:17,15,25,15
15d09h03m-15d22h57m:25,45,45,45,45,40
15d10h11m-15d20h07m:10,20,10,40,35,40
15d11h18m-15d22h05m:05,20,05,35
16d00h15m-16d20h43m:15,10,15,35,18,35
16d01h08m-16d21h39m:15,40,27,40
16d02h37m-16d23h59m:60,10,60,25
16d03h29m-16d23h59m:15,25,15,30,20,30,20,35,30,35,30,40
16d04h45m-16d22h12m:25,25,30,25,30,30,35,30
16d05h52m-16d20h20m:15,03,22,03,22,08,37,08,37,12
16d06h47m-16d22h45m:67,37,67,22
16d07h42m-16d21h17m:17,15,25,15
16d08h42m-16d22h20m:25,45,45,45,45,40
16d09h46m-16d22h29m:05,20,05,35
16d11h08m-16d23h59m:15,10,15,35,18,35
17d00h07m-17d22h43m:08,03,08,23,20,23
17d01h38m-17d23h59m:60,10,60,25
17d02h25m-17d21h28m:15,25,15,30,20,30,20,35,30,35,30,40
17d04h05m-17d22h51m:25,25,30,25,30,30,35,30
17d04h53m-17d21h25m:15,03,22,03,22,08,37,08,37,12
17d06h10m-17d22h31m:67,37,67,22
17d07h24m-17d21h52m:50,10,55,10,55,25
17d08h41m-17d22h58m:25,45,45,45,45,40
17d09h46m-17d23h59m:10,20,10,40,35,40
17d11h09m-17d21h31m:05,20,05,35
18d00h15m-18d22h28m:15,10,15,35,18,35
18d01h19m-18d23h59m:15,40,27,40
18d02h32m-18d23h59m:60,10,60,25
18d03h47m-18d21h01m:57,30,57,45
18d04h39m-18d23h59m:15,25,15,30,20,30,20,35,30,35,30,40
18d05h53m-18d23h59m:25,25,30,25,30,30,35,30
18d06h47m-18d20h25m:15,03,22,03,22,08,37,08,37,12
18d08h05m-18d23h59m:67,37,67,22
18d09h00m-18d22h22m:50,10,55,10,55,25
18d09h57m-18d21h50m:25,45,45,45,45,40
18d11h01m-18d20h23m:05,20,05,35
19d00h07m-19d21h18m:15,10,15,35,18,35
19d01h18m-19d22h32m:08,03,08,23,20,23
19d02h03m-19d21h37m:60,10,60,25
19d03h21m-19d23h59m:57,30,57,45
19d04h29m-19d20h29m:25,25,30,25,30,30,35,30
19d05h10m-19d21h41m:15,03,22,03,22,08,37,08,37,12
19d06h28m-19d23h59m:42,08,42,15,47,15,47,27,55,27
19d07h15m-19d20h18m:67,37,67,22
19d08h14m-19d21h49m:50,10,55,10,55,25
19d09h17m-19d20h58m:10,20,10,40,35,40
19d10h19m-19d20h05m:15,10,15,35,18,35
19d11h00m-19d23h59m:08,03,08,23,20,23
20d00h25m-20d20h19m:60,10,60,25
20d01h44m-20d20h18m:57,30,57,45
20d03h40m-20d23h59m:15,25,15,30,20,30,20,35,30,35,30,40
20d04h41m-20d22h02m:15,03,22,03,22,08,37,08,37,12
20d06h31m-20d20h41m:42,08,42,15,47,15,47,27,55,27
20d08h13m-20d23h59m:67,37,67,22
20d09h40m-20d23h59m:17,15,25,15
20d10h55m-20d23h59m:25,45,45,45,45,40
21d00h04m-21d23h59m:05,20,05,35
21d01h05m-21d20h22m:15,10,15,35,18,35
21d02h11m-21d23h59m:08,03,08,23,20,23
21d02h59m-21d22h34m:60,10,60,25
21d03h47m-21d23h59m:57,30,57,45
21d04h36m-21d22h48m:15,25,15,30,20,30,20,35,30,35,30,40
21d05h47m-21d21h38m:25,25,30,25,30,30,35,30
21d06h34m-21d20h08m:42,08,42,15,47,15,47,27,55,27
21d07h26m-21d20h54m:17,15,25,15
21d08h34m-21d22h26m:50,10,55,10,55,25
21d09h19m-21d22h46m:10,20,10,40,35,40
21d10h17m-21d20h25m:05,20,05,35
21d11h19m-21d23h59m:15,40,27,40
22d00h44m-22d22h04m:08,03,08,23,20,23
22d02h12m-22d21h30m:60,10,60,25
22d03h22m-22d21h28m:57,30,57,45
22d04h57m-22d23h59m:25,25,30,25,30,30,35,30
22d06h41m-22d21h16m:15,03,22,03,22,08,37,08,37,12
22d07h49m-22d20h21m:67,37,67,22
22d09h10m-22d21h45m:17,15,25,15
22d11h08m-22d23h59m:50,10,55,10,55,25
23d00h07m-23d23h59m:25,45,45,45,45,40
23d00h55m-23d22h18m:10,20,10,40,35,40
23d01h44m-23d20h59m:05,20,05,35
23d02h45m-23d21h30m:15,10,15,35,18,35
23d03h31m-23d20h30m:15,40,27,40
23d04h17m-23d20h00m:08,03,08,23,20,23
23d05h19m-23d20h32m:57,30,57,45
23d06h17m-23d22h57m:25,25,30,25,30,30,35,30
23d07h12m-23d22h36m:15,03,22,03,22,08,37,08,37,12
23d08h01m-23d22h45m:42,08,42,15,47,15,47,27,55,27
23d08h49m-23d23h59m:67,37,67,22
23d09h29m-23d22h41m:17,15,25,15
23d10h30m-23d22h33m:25,45,45,45,45,40
23d11h06m-23d21h14m:05,20,05,35
24d00h28m-24d23h59m:15,10,15,35,18,35
24d01h13m-24d22h17m:08,03,08,23,20,23
24d02h32m-24d21h15m:60,10,60,25
24d03h40m-24d20h17m:57,30,57,45
24d05h06m-24d23h59m:25,25,30,25,30,30,35,30
24d06h27m-24d23h59m:15,03,22,03,22,08,37,08,37,12
24d07h13m-24d23h59m:42,08,42,15,47,15,47,27,55,27
24d08h35m-24d22h15m:17,15,25,15
24d09h50m-24d21h54m:25,45,45,45,45,40
24d10h56m-24d20h32m:10,20,10,40,35,40
25d00h27m-25d22h52m:05,20,05,35
25d01h33m-25d23h59m:15,40,27,40
25d02h26m-25d22h21m:60,10,60,25
25d03h40m-25d23h59m:57,30,57,45
25d04h33m-25d23h59m:25,25,30,25,30,30,35,30
25d05h33m-25d21h51m:42,08,42,15,47,15,47,27,55,27
25d06h40m-25d20h30m:17,15,25,15
25d07h49m-25d21h22m:50,10,55,10,55,25
25d08h42m-25d23h59m:10,20,10,40,35,40
25d09h46m-25d22h31m:05,20,05,35
25d10h55m-25d21h32m:15,10,15,35,18,35
26d00h29m-26d21h14m:08,03,08,23,20,23
26d01h35m-26d21h16m:60,10,60,25
26d02h57m-26d23h59m:57,30,57,45
26d03h53m-26d23h59m:25,25,30,25,30,30,35,30
26d05h17m-26d21h57m:42,08,42,15,47,15,47,27,55,27
26d06h19m-26d21h36m:17,15,25,15
26d07h12m-26d23h59m:25,45,45,45,45,40
26d08h26m-26d20h34m:10,20,10,40,35,40
26d10h02m-26d22h53m:05,20,05,35
26d10h50m-26d23h59m:15,10,15,35,18,35
27d00h18m-27d20h17m:15,40,27,40
27d01h12m-27d20h01m:60,10,60,25
27d02h36m-27d21h53m:15,25,15,30,20,30,20,35,30,35,30,40
27d03h54m-27d23h59m:15,03,22,03,22,08,37,08,37,12
27d05h03m-27d22h48m:67,37,67,22
27d06h06m-27d22h27m:17,15,25,15
27d07h24m-27d23h59m:50,10,55,10,55,25
27d08h47m-27d23h59m:25,45,45,45,45,40
27d09h41m-27d21h13m:10,20,10,40,35,40
27d10h50m-27d23h59m:15,10,15,35,18,35
28d00h04m-28d21h50m:08,03,08,23,20,23
28d01h30m-28d21h06m:57,30,57,45
28d03h18m-28d22h59m:15,25,15,30,20,30,20,35,30,35,30,40
28d04h18m-28d20h10m:15,03,22,03,22,08,37,08,37,12
28d05h27m-28d22h40m:67,37,67,22
28d07h03m-28d22h10m:50,10,55,10,55,25
28d08h15m-28d21h55m:10,20,10,40,35,40
28d09h55m-28d22h07m:05,20,05,35
28d10h58m-28d21h21m:15,40,27,40
