01d00h27m-01d21h05m:15,10,15,35,18,35
01d01h46m-01d23h59m:15,40,27,40
01d02h48m-01d23h59m:08,03,08,23,20,23
01d04h10m-01d23h59m:60,10,60,25
01d04h56m-01d20h45m:15,25,15,30,20,30,20,35,30,35,30,40
01d06h14m-01d23h59m:15,03,22,03,22,08,37,08,37,12
01d07h29m-01d21h34m:67,37,67,22
01d08h39m-01d21h27m:17,15,25,15
01d09h51m-01d20h38m:25,45,45,45,45,40
01d11h04m-01d22h07m:05,20,05,35
02d00h02m-02d23h59m:15,10,15,35,18,35
02d01h10m-02d21h06m:08,03,08,23,20,23
02d01h54m-02d22h10m:57,30,57,45
02d02h49m-02d21h45m:15,25,15,30,20,30,20,35,30,35,30,40
02d03h56m-02d20h42m:25,25,30,25,30,30,35,30
02d04h36m-02d23h59m:42,08,42,15,47,15,47,27,55,27
02d05h47m-02d21h49m:17,15,25,15
02d06h33m-02d21h25m:25,45,45,45,45,40
02d07h34m-02d22h24m:10,20,10,40,35,40
02d08h29m-02d23h59m:15,10,15,35,18,35
02d09h12m-02d20h28m:15,40,27,40
02d10h11m-02d20h04m:60,10,60,25
02d11h04m-02d21h48m:57,30,57,45
03d00h02m-03d22h08m:25,25,30,25,30,30,35,30
03d01h15m-03d21h03m:15,03,22,03,22,08,37,08,37,12
03d02h04m-03d21h05m:67,37,67,22
03d02h50m-03d23h59m:50,10,55,10,55,25
03d03h46m-03d21h36m:10,20,10,40,35,40
03d04h44m-03d21h27m:05,20,05,35
03d05h55m-03d21h09m:15,10,15,35,18,35
03d06h31m-03d22h30m:15,40,27,40
03d07h45m-03d21h00m:08,03,08,23,20,23
03d08h31m-03d20h07m:60,10,60,25
03d09h34m-03d21h37m:15,25,15,30,20,30,20,35,30,35,30,40
03d10h07m-03d23h59m:25,25,30,25,30,30,35,30
03d11h00m-03d22h09m:15,03,22,03,22,08,37,08,37,12
04d00h16m-04d20h06m:42,08,42,15,47,15,47,27,55,27
04d01h05m-04d23h59m:67,37,67,22
04d02h18m-04d20h51m:50,10,55,10,55,25
04d03h21m-04d20h12m:10,20,10,40,35,40
04d04h41m-04d22h54m:05,20,05,35
04d05h26m-04d22h37m:15,40,27,40
04d06h47m-04d21h00m:08,03,08,23,20,23
04d07h52m-04d23h59m:60,10,60,25
04d08h54m-04d21h14m:15,25,15,30,20,30,20,35,30,35,30,40
04d10h04m-04d21h53m:25,25,30,25,30,30,35,30
04d11h12m-04d21h25m:15,03,22,03,22,08,37,08,37,12
05d00h19m-05d23h59m:67,37,67,22
05d01h53m-05d20h38m:17,15,25,15
05d02h59m-05d21h19m:25,45,45,45,45,40
05d04h32m-05d23h59m:10,20,10,40,35,40
05d05h43m-05d20h58m:15,10,15,35,18,35
05d07h16m-05d22h04m:08,03,08,23,20,23
05d08h32m-05d22h57m:60,10,60,25
05d09h43m-05d22h16m:57,30,57,45
05d10h51m-05d21h46m:25,25,30,25,30,30,35,30
06d00h20m-06d23h59m:42,08,42,15,47,15,47,27,55,27
06d01h13m-06d20h22m:17,15,25,15
06d02h53m-06d23h59m:25,45,45,45,45,40
06d04h11m-06d21h57m:10,20,10,40,35,40
06d05h04m-06d20h32m:05,20,05,35
06d06h11m-06d21h53m:15,10,15,35,18,35
06d07h47m-06d21h30m:15,40,27,40
06d08h58m-06d20h02m:60,10,60,25
06d10h01m-06d23h59m:15,25,15,30,20,30,20,35,30,35,30,40
06d11h10m-06d23h59m:15,03,22,03,22,08,37,08,37,12
07d00h15m-07d21h15m:67,37,67,22
07d01h05m-07d20h40m:50,10,55,10,55,25
07d02h05m-07d22h33m:25,45,45,45,45,40
07d02h34m-07d20h05m:10,20,10,40,35,40
07d03h44m-07d22h11m:05,20,05,35
07d04h21m-07d23h59m:15,10,15,35,18,35
07d05h17m-07d21h44m:08,03,08,23,20,23
07d06h07m-07d22h31m:60,10,60,25
07d06h54m-07d20h58m:57,30,57,45
07d07h43m-07d21h00m:15,25,15,30,20,30,20,35,30,35,30,40
07d08h42m-07d20h50m:25,25,30,25,30,30,35,30
07d09h37m-07d21h35m:15,03,22,03,22,08,37,08,37,12
07d10h14m-07d20h52m:67,37,67,22
07d11h18m-07d22h07m:50,10,55,10,55,25
08d00h23m-08d23h59m:25,45,45,45,45,40
08d01h38m-08d22h58m:10,20,10,40,35,40
08d02h50m-08d23h59m:15,10,15,35,18,35
08d04h25m-08d22h41m:08,03,08,23,20,23
08d05h46m-08d21h24m:57,30,57,45
08d06h44m-08d22h29m:15,25,15,30,20,30,20,35,30,35,30,40
08d08h39m-08d23h59m:15,03,22,03,22,08,37,08,37,12
08d09h24m-08d20h18m:67,37,67,22
08d11h06m-08d20h00m:50,10,55,10,55,25
09d00h02m-09d22h46m:25,45,45,45,45,40
09d01h25m-09d22h48m:10,20,10,40,35,40
09d02h04m-09d20h08m:05,20,05,35
09d03h06m-09d23h59m:15,10,15,35,18,35
09d04h16m-09d22h05m:08,03,08,23,20,23
09d05h18m-09d20h51m:57,30,57,45
09d06h13m-09d20h41m:25,25,30,25,30,30,35,30
09d07h22m-09d20h19m:15,03,22,03,22,08,37,08,37,12
09d08h29m-09d23h59m:67,37,67,22
09d09h22m-09d21h43m:50,10,55,10,55,25
09d10h00m-09d20h36m:25,45,45,45,45,40
09d11h25m-09d21h47m:05,20,05,35
10d00h12m-10d20h45m:15,40,27,40
10d00h52m-10d20h27m:08,03,08,23,20,23
10d01h54m-10d20h03m:57,30,57,45
10d02h34m-10d21h22m:25,25,30,25,30,30,35,30
10d03h42m-10d23h59m:42,08,42,15,47,15,47,27,55,27
10d04h28m-10d22h40m:67,37,67,22
10d05h07m-10d21h06m:17,15,25,15
10d06h06m-10d22h40m:25,45,45,45,45,40
10d07h12m-10d22h12m:05,20,05,35
10d07h51m-10d23h59m:15,40,27,40
10d08h40m-10d21h42m:60,10,60,25
10d09h43m-10d22h53m:15,25,15,30,20,30,20,35,30,35,30,40
10d10h36m-10d22h10m:25,25,30,25,30,30,35,30
10d11h11m-10d20h59m:15,03,22,03,22,08,37,08,37,12
11d00h11m-11d20h15m:67,37,67,22
11d01h09m-11d20h11m:17,15,25,15
11d02h05m-11d21h35m:25,45,45,45,45,40
11d02h49m-11d23h59m:05,20,05,35
11d03h35m-11d23h59m:15,10,15,35,18,35
11d04h16m-11d22h10m:15,40,27,40
11d05h25m-11d21h58m:08,03,08,23,20,23
11d06h03m-11d21h04m:57,30,57,45
11d07h05m-11d21h19m:15,25,15,30,20,30,20,35,30,35,30,40
11d08h02m-11d20h36m:15,03,22,03,22,08,37,08,37,12
11d08h54m-11d22h06m:67,37,67,22
11d09h44m-11d21h08m:50,10,55,10,55,25
11d10h13m-11d23h59m:10,20,10,40,35,40
11d11h18m-11d20h39m:05,20,05,35
12d00h35m-12d22h53m:15,10,15,35,18,35
12d01h52m-12d21h53m:15,40,27,40
12d02h43m-12d20h09m:60,10,60,25
12d04h05m-12d22h00m:15,25,15,30,20,30,20,35,30,35,30,40
12d05h20m-12d23h59m:15,03,22,03,22,08,37,08,37,12
12d07h19m-12d22h13m:67,37,67,22
12d08h28m-12d23h59m:50,10,55,10,55,25
12d09h59m-12d21h45m:25,45,45,45,45,40
12d11h19m-12d21h27m:05,20,05,35
13d00h44m-13d21h57m:15,10,15,35,18,35
13d02h03m-13d22h51m:08,03,08,23,20,23
13d03h18m-13d22h27m:57,30,57,45
13d04h48m-13d22h42m:15,25,15,30,20,30,20,35,30,35,30,40
13d06h44m-13d22h06m:25,25,30,25,30,30,35,30
13d07h49m-13d21h34m:42,08,42,15,47,15,47,27,55,27
13d09h14m-13d20h47m:17,15,25,15
13d10h42m-13d23h59m:25,45,45,45,45,40
14d00h00m-14d21h30m:05,20,05,35
14d01h15m-14d23h59m:15,10,15,35,18,35
14d02h37m-14d22h41m:15,40,27,40
14d03h35m-14d21h28m:08,03,08,23,20,23
14d04h45m-14d22h30m:60,10,60,25
14d05h29m-14d23h59m:57,30,57,45
14d06h45m-14d22h37m:25,25,30,25,30,30,35,30
14d07h56m-14d22h11m:42,08,42,15,47,15,47,27,55,27
14d08h45m-14d20h51m:67,37,67,22
14d10h07m-14d21h45m:50,10,55,10,55,25
14d11h05m-14d22h26m:25,45,45,45,45,40
15d00h27m-15d22h52m:05,20,05,35
15d01h33m-15d20h48m:15,40,27,40
15d02h42m-15d20h46m:08,03,08,23,20,23
15d03h49m-15d23h59m:57,30,57,45
15d04h53m-15d23h59m:15,25,15,30,20,30,20,35,30,35,30,40
15d06h16m-15d22h00m:15,03,22,03,22,08,37,08,37,12
15d07h24m-15d23h59m:42,08,42,15,47,15,47,27,55,27
15d08h39m-15d23h59m:17,15,25,15
15d09h48m-15d20h49m:50,10,55,10,55,25
15d11h05m-15d21h37m:25,45,45,45,45,40
16d00h38m-16d21h16m:05,20,05,35
16d01h55m-16d22h39m:15,40,27,40
16d03h01m-16d22h49m:60,10,60,25
16d04h22m-16d23h59m:57,30,57,45
16d05h21m-16d21h26m:25,25,30,25,30,30,35,30
16d06h54m-16d23h59m:15,03,22,03,22,08,37,08,37,12
16d08h25m-16d22h12m:42,08,42,15,47,15,47,27,55,27
16d09h41m-16d21h34m:67,37,67,22
16d11h01m-16d20h19m:50,10,55,10,55,25
17d00h02m-17d23h59m:25,45,45,45,45,40
17d00h56m-17d23h59m:10,20,10,40,35,40
17d02h00m-17d21h01m:15,10,15,35,18,35
17d02h56m-17d21h34m:15,40,27,40
17d03h24m-17d22h18m:08,03,08,23,20,23
17d04h23m-17d20h57m:60,10,60,25
17d05h06m-17d20h50m:57,30,57,45
17d06h14m-17d22h47m:15,25,15,30,20,30,20,35,30,35,30,40
17d07h03m-17d21h42m:25,25,30,25,30,30,35,30
17d07h44m-17d21h01m:42,08,42,15,47,15,47,27,55,27
17d08h36m-17d22h19m:67,37,67,22
17d09h29m-17d21h06m:50,10,55,10,55,25
17d10h14m-17d21h23m:25,45,45,45,45,40
17d11h27m-17d21h19m:05,20,05,35
18d00h15m-18d22h33m:15,40,27,40
18d01h09m-18d22h35m:08,03,08,23,20,23
18d02h21m-18d21h27m:60,10,60,25
18d03h16m-18d20h11m:15,25,15,30,20,30,20,35,30,35,30,40
18d04h17m-18d22h35m:15,03,22,03,22,08,37,08,37,12
18d05h01m-18d21h00m:67,37,67,22
18d06h22m-18d21h46m:50,10,55,10,55,25
18d07h16m-18d20h59m:25,45,45,45,45,40
18d08h19m-18d21h23m:05,20,05,35
18d09h21m-18d21h14m:15,10,15,35,18,35
18d10h14m-18d20h18m:08,03,08,23,20,23
18d11h02m-18d21h33m:60,10,60,25
19d00h19m-19d20h09m:15,25,15,30,20,30,20,35,30,35,30,40
19d01h19m-19d22h27m:15,03,22,03,22,08,37,08,37,12
19d01h55m-19d22h06m:67,37,67,22
19d03h05m-19d20h46m:17,15,25,15
19d03h55m-19d22h05m:25,45,45,45,45,40
19d04h57m-19d21h09m:10,20,10,40,35,40
19d05h37m-19d23h59m:05,20,05,35
19d06h27m-19d23h59m:15,40,27,40
19d07h28m-19d21h04m:60,10,60,25
19d08h41m-19d22h25m:15,25,15,30,20,30,20,35,30,35,30,40
19d09h16m-19d22h36m:15,03,22,03,22,08,37,08,37,12
19d10h12m-19d23h59m:67,37,67,22
19d11h18m-19d23h59m:50,10,55,10,55,25
20d00h34m-20d20h01m:25,45,45,45,45,40
20d01h54m-20d20h33m:10,20,10,40,35,40
20d03h40m-20d20h00m:05,20,05,35
20d05h10m-20d21h15m:15,10,15,35,18,35
20d06h21m-20d22h59m:15,40,27,40
20d07h46m-20d20h13m:60,10,60,25
20d09h14m-20d23h59m:15,25,15,30,20,30,20,35,30,35,30,40
20d10h46m-20d20h23m:25,25,30,25,30,30,35,30
21d00h08m-21d22h28m:42,08,42,15,47,15,47,27,55,27
21d01h34m-21d21h05m:17,15,25,15
21d03h18m-21d21h27m:25,45,45,45,45,40
21d04h13m-21d21h55m:10,20,10,40,35,40
21d05h46m-21d23h59m:05,20,05,35
21d07h19m-21d20h55m:15,10,15,35,18,35
21d08h39m-21d20h29m:15,40,27,40
21d09h47m-21d21h33m:08,03,08,23,20,23
21d10h59m-21d21h14m:57,30,57,45
22d00h00m-22d22h57m:15,25,15,30,20,30,20,35,30,35,30,40
22d01h19m-22d21h16m:25,25,30,25,30,30,35,30
22d02h08m-22d20h56m:15,03,22,03,22,08,37,08,37,12
22d02h47m-22d20h14m:42,08,42,15,47,15,47,27,55,27
22d03h50m-22d22h27m:17,15,25,15
22d04h55m-22d22h00m:25,45,45,45,45,40
22d05h37m-22d23h59m:10,20,10,40,35,40
22d06h42m-22d23h59m:15,10,15,35,18,35
22d07h30m-22d21h51m:15,40,27,40
22d08h32m-22d23h59m:08,03,08,23,20,23
22d09h17m-22d21h16m:60,10,60,25
22d10h24m-22d21h41m:57,30,57,45
22d11h25m-22d23h59m:15,25,15,30,20,30,20,35,30,35,30,40
23d00h08m-23d20h40m:15,03,22,03,22,08,37,08,37,12
23d01h01m-23d20h46m:67,37,67,22
23d01h45m-23d22h58m:17,15,25,15
23d02h51m-23d22h31m:25,45,45,45,45,40
23d03h32m-23d21h48m:05,20,05,35
23d04h20m-23d23h59m:15,40,27,40
23d05h16m-23d20h48m:60,10,60,25
23d06h09m-23d22h11m:15,25,15,30,20,30,20,35,30,35,30,40
23d06h59m-23d20h36m:15,03,22,03,22,08,37,08,37,12
23d08h01m-23d20h20m:42,08,42,15,47,15,47,27,55,27
23d08h30m-23d21h50m:17,15,25,15
23d09h24m-23d20h42m:50,10,55,10,55,25
23d10h25m-23d22h45m:25,45,45,45,45,40
23d11h26m-23d23h59m:10,20,10,40,35,40
24d00h06m-24d21h46m:15,10,15,35,18,35
24d01h20m-24d20h08m:08,03,08,23,20,23
24d02h19m-24d22h05m:57,30,57,45
24d03h19m-24d23h59m:15,25,15,30,20,30,20,35,30,35,30,40
24d04h28m-24d22h19m:15,03,22,03,22,08,37,08,37,12
24d05h19m-24d20h16m:42,08,42,15,47,15,47,27,55,27
24d06h05m-24d22h09m:17,15,25,15
24d07h11m-24d23h59m:50,10,55,10,55,25
24d08h22m-24d23h59m:10,20,10,40,35,40
24d09h17m-24d21h23m:15,10,15,35,18,35
24d10h02m-24d22h07m:08,03,08,23,20,23
24d11h04m-24d20h13m:60,10,60,25
25d00h37m-25d20h19m:57,30,57,45
25d01h30m-25d21h28m:25,25,30,25,30,30,35,30
25d02h46m-25d20h10m:42,08,42,15,47,15,47,27,55,27
25d04h03m-25d20h09m:67,37,67,22
25d05h36m-25d21h41m:17,15,25,15
25d06h48m-25d22h23m:50,10,55,10,55,25
25d08h31m-25d21h22m:25,45,45,45,45,40
25d09h54m-25d21h53m:10,20,10,40,35,40
25d10h54m-25d21h31m:15,10,15,35,18,35
26d00h27m-26d22h15m:15,40,27,40
26d01h45m-26d21h03m:08,03,08,23,20,23
26d02h33m-26d21h58m:60,10,60,25
26d03h40m-26d20h20m:15,25,15,30,20,30,20,35,30,35,30,40
26d05h11m-26d23h59m:25,25,30,25,30,30,35,30
26d06h33m-26d23h59m:15,03,22,03,22,08,37,08,37,12
26d07h47m-26d21h14m:67,37,67,22
26d08h49m-26d22h32m:50,10,55,10,55,25
26d10h05m-26d22h40m:10,20,10,40,35,40
26d11h16m-26d21h59m:05,20,05,35
27d00h06m-27d23h59m:15,40,27,40
27d01h04m-27d20h48m:60,10,60,25
27d02h08m-27d20h46m:15,25,15,30,20,30,20,35,30,35,30,40
27d03h23m-27d21h38m:15,03,22,03,22,08,37,08,37,12
27d04h00m-27d22h20m:42,08,42,15,47,15,47,27,55,27
27d05h06m-27d21h36m:67,37,67,22
27d06h04m-27d21h36m:50,10,55,10,55,25
27d07h09m-27d22h58m:10,20,10,40,35,40
27d08h25m-27d23h59m:15,10,15,35,18,35
27d09h01m-27d21h11m:08,03,08,23,20,23
27d10h27m-27d23h59m:60,10,60,25
27d11h23m-27d22h49m:15,25,15,30,20,30,20,35,30,35,30,40
28d00h14m-28d21h49m:15,03,22,03,22,08,37,08,37,12
28d01h02m-28d20h18m:67,37,67,22
28d02h10m-28d23h59m:50,10,55,10,55,25
28d02h48m-28d20h16m:25,45,45,45,45,40
28d03h55m-28d20h08m:05,20,05,35
28d04h51m-28d22h31m:15,40,27,40
28d05h34m-28d21h11m:08,03,08,23,20,23
28d06h32m-28d20h56m:57,30,57,45
28d07h39m-28d22h20m:15,25,15,30,20,30,20,35,30,35,30,40
28d08h36m-28d20h02m:15,03,22,03,22,08,37,08,37,12
28d09h15m-28d20h42m:42,08,42,15,47,15,47,27,55,27
28d10h30m-28d22h09m:17,15,25,15
28d11h07m-28d22h16m:50,10,55,10,55,25
