01d00h19m-01d22h40m:15,10,15,35,18,35
01d01h35m-01d23h59m:08,03,08,23,20,23
01d03h02m-01d21h24m:57,30,57,45
01d04h44m-01d23h59m:25,25,30,25,30,30,35,30
01d06h40m-01d20h38m:42,08,42,15,47,15,47,27,55,27
01d07h38m-01d21h07m:17,15,25,15
01d09h13m-01d23h59m:25,45,45,45,45,40
01d10h45m-01d21h52m:10,20,10,40,35,40
02d00h25m-02d22h17m:05,20,05,35
02d01h28m-02d22h32m:15,10,15,35,18,35
02d02h51m-02d23h59m:15,40,27,40
02d04h13m-02d20h35m:60,10,60,25
02d05h44m-02d21h53m:57,30,57,45
02d07h10m-02d21h58m:15,25,15,30,20,30,20,35,30,35,30,40
02d08h25m-02d20h26m:25,25,30,25,30,30,35,30
02d09h25m-02d21h46m:15,03,22,03,22,08,37,08,37,12
02d11h05m-02d22h17m:42,08,42,15,47,15,47,27,55,27
03d00h26m-03d20h08m:67,37,67,22
03d01h11m-03d20h21m:17,15,25,15
03d02h34m-03d23h59m:50,10,55,10,55,25
03d03h31m-03d21h07m:10,20,10,40,35,40
03d04h32m-03d22h38m:05,20,05,35
03d05h46m-03d21h55m:15,10,15,35,18,35
03d06h57m-03d23h59m:15,40,27,40
03d08h02m-03d21h02m:60,10,60,25
03d08h48m-03d20h35m:57,30,57,45
03d10h10m-03d21h01m:15,25,15,30,20,30,20,35,30,35,30,40
03d11h21m-03d23h59m:25,25,30,25,30,30,35,30
04d00h18m-04d23h59m:15,03,22,03,22,08,37,08,37,12
04d00h56m-04d21h19m:42,08,42,15,47,15,47,27,55,27
04d01h51m-04d20h25m:67,37,67,22
04d02h47m-04d20h06m:50,10,55,10,55,25
04d03h39m-04d22h29m:10,20,10,40,35,40
04d04h24m-04d22h21m:05,20,05,35
04d05h24m-04d20h33m:15,40,27,40
04d06h14m-04d23h59m:08,03,08,23,20,23
04d06h58m-04d20h03m:57,30,57,45
04d07h41m-04d23h59m:25,25,30,25,30,30,35,30
04d08h38m-04d23h59m:15,03,22,03,22,08,37,08,37,12
04d09h24m-04d21h17m:67,37,67,22
04d10h32m-04d21h25m:50,10,55,10,55,25
04d11h25m-04d20h18m:25,45,45,45,45,40
05d00h19m-05d22h38m:05,20,05,35
05d01h11m-05d22h57m:15,40,27,40
05d02h01m-05d22h36m:08,03,08,23,20,23
05d02h34m-05d22h08m:60,10,60,25
05d03h39m-05d21h51m:15,25,15,30,20,30,20,35,30,35,30,40
05d04h33m-05d20h06m:15,03,22,03,22,08,37,08,37,12
05d05h26m-05d20h59m:67,37,67,22
05d06h05m-05d21h22m:17,15,25,15
05d06h59m-05d20h47m:50,10,55,10,55,25
05d07h41m-05d23h59m:25,45,45,45,45,40
05d08h31m-05d22h30m:10,20,10,40,35,40
05d09h32m-05d22h25m:05,20,05,35
05d10h25m-05d21h02m:15,40,27,40
05d11h08m-05d20h48m:08,03,08,23,20,23
06d00h19m-06d21h25m:60,10,60,25
06d01h17m-06d21h25m:15,25,15,30,20,30,20,35,30,35,30,40
06d02h28m-06d20h02m:15,03,22,03,22,08,37,08,37,12
06d03h40m-06d20h20m:67,37,67,22
06d04h54m-06d21h28m:17,15,25,15
06d06h15m-06d20h31m:50,10,55,10,55,25
06d07h32m-06d21h16m:10,20,10,40,35,40
06d08h30m-06d22h38m:05,20,05,35
06d09h52m-06d23h59m:15,10,15,35,18,35
06d11h19m-06d23h59m:08,03,08,23,20,23
07d00h34m-07d21h46m:57,30,57,45
07d01h38m-07d22h09m:25,25,30,25,30,30,35,30
07d02h50m-07d20h34m:42,08,42,15,47,15,47,27,55,27
07d03h52m-07d22h51m:67,37,67,22
07d05h12m-07d23h59m:17,15,25,15
07d06h15m-07d21h16m:25,45,45,45,45,40
07d07h23m-07d21h05m:05,20,05,35
07d08h51m-07d23h59m:15,40,27,40
07d10h11m-07d21h27m:08,03,08,23,20,23
07d11h14m-07d21h48m:60,10,60,25
08d00h27m-08d21h25m:57,30,57,45
08d01h37m-08d23h59m:15,25,15,30,20,30,20,35,30,35,30,40
08d02h20m-08d21h11m:25,25,30,25,30,30,35,30
08d03h39m-08d23h59m:42,08,42,15,47,15,47,27,55,27
08d04h49m-08d22h29m:67,37,67,22
08d05h44m-08d23h59m:50,10,55,10,55,25
08d06h39m-08d22h52m:25,45,45,45,45,40
08d08h03m-08d21h12m:05,20,05,35
08d09h04m-08d22h16m:15,40,27,40
08d10h13m-08d21h55m:60,10,60,25
08d10h51m-08d21h45m:15,25,15,30,20,30,20,35,30,35,30,40
09d00h03m-09d20h48m:25,25,30,25,30,30,35,30
09d01h06m-09d23h59m:15,03,22,03,22,08,37,08,37,12
09d02h18m-09d21h27m:67,37,67,22
09d03h47m-09d21h14m:50,10,55,10,55,25
09d04h37m-09d22h02m:25,45,45,45,45,40
09d05h57m-09d23h59m:05,20,05,35
09d06h52m-09d23h59m:15,40,27,40
09d07h44m-09d23h59m:60,10,60,25
09d08h45m-09d23h59m:15,25,15,30,20,30,20,35,30,35,30,40
09d10h15m-09d23h59m:25,25,30,25,30,30,35,30
09d11h20m-09d20h50m:42,08,42,15,47,15,47,27,55,27
10d00h23m-10d23h59m:67,37,67,22
10d01h57m-10d21h08m:50,10,55,10,55,25
10d03h09m-10d23h59m:25,45,45,45,45,40
10d04h48m-10d23h59m:05,20,05,35
10d06h43m-10d20h10m:15,10,15,35,18,35
10d07h57m-10d21h10m:15,40,27,40
10d09h20m-10d21h42m:60,10,60,25
10d10h32m-10d20h53m:57,30,57,45
11d00h25m-11d22h37m:15,25,15,30,20,30,20,35,30,35,30,40
11d01h14m-11d22h31m:15,03,22,03,22,08,37,08,37,12
11d01h53m-11d23h59m:42,08,42,15,47,15,47,27,55,27
11d02h36m-11d23h59m:17,15,25,15
11d03h27m-11d20h08m:25,45,45,45,45,40
11d04h34m-11d20h11m:05,20,05,35
11d05h18m-11d20h33m:15,10,15,35,18,35
11d06h21m-11d20h20m:08,03,08,23,20,23
11d07h08m-11d21h23m:57,30,57,45
11d07h57m-11d22h16m:15,25,15,30,20,30,20,35,30,35,30,40
11d08h47m-11d22h24m:15,03,22,03,22,08,37,08,37,12
11d09h22m-11d20h29m:67,37,67,22
11d10h37m-11d20h30m:50,10,55,10,55,25
11d11h07m-11d22h29m:25,45,45,45,45,40
12d00h21m-12d20h40m:10,20,10,40,35,40
12d01h58m-12d21h06m:15,10,15,35,18,35
12d02h53m-12d22h31m:15,40,27,40
12d04h21m-12d20h14m:60,10,60,25
12d05h34m-12d21h18m:57,30,57,45
12d07h19m-12d20h57m:25,25,30,25,30,30,35,30
12d08h08m-12d22h32m:15,03,22,03,22,08,37,08,37,12
12d09h38m-12d22h32m:42,08,42,15,47,15,47,27,55,27
12d11h09m-12d20h11m:67,37,67,22
13d00h18m-13d22h31m:50,10,55,10,55,25
13d01h30m-13d23h59m:10,20,10,40,35,40
13d03h19m-13d22h18m:15,10,15,35,18,35
13d04h11m-13d22h47m:15,40,27,40
13d05h29m-13d23h59m:60,10,60,25
13d07h11m-13d23h59m:57,30,57,45
13d08h21m-13d22h57m:25,25,30,25,30,30,35,30
13d09h21m-13d21h01m:15,03,22,03,22,08,37,08,37,12
13d10h53m-13d21h26m:67,37,67,22
14d00h20m-14d23h59m:50,10,55,10,55,25
14d00h58m-14d20h31m:10,20,10,40,35,40
14d01h53m-14d20h46m:15,10,15,35,18,35
14d02h58m-14d21h18m:08,03,08,23,20,23
14d03h47m-14d21h53m:57,30,57,45
14d04h30m-14d22h32m:25,25,30,25,30,30,35,30
14d05h30m-14d21h16m:42,08,42,15,47,15,47,27,55,27
14d06h21m-14d22h12m:17,15,25,15
14d06h55m-14d23h59m:50,10,55,10,55,25
14d07h54m-14d22h50m:10,20,10,40,35,40
14d08h50m-14d20h49m:05,20,05,35
14d09h24m-14d23h59m:15,40,27,40
14d10h26m-14d22h10m:60,10,60,25
14d11h24m-14d21h53m:57,30,57,45
15d00h04m-15d22h51m:15,25,15,30,20,30,20,35,30,35,30,40
15d01h54m-15d23h59m:25,25,30,25,30,30,35,30
15d03h22m-15d23h59m:15,03,22,03,22,08,37,08,37,12
15d05h07m-15d22h03m:67,37,67,22
15d06h12m-15d20h04m:17,15,25,15
15d07h37m-15d22h20m:25,45,45,45,45,40
15d09h10m-15d20h50m:10,20,10,40,35,40
15d11h02m-15d21h22m:05,20,05,35
16d00h18m-16d22h25m:15,10,15,35,18,35
16d01h32m-16d20h29m:08,03,08,23,20,23
16d02h25m-16d22h12m:60,10,60,25
16d03h36m-16d23h59m:57,30,57,45
16d04h49m-16d21h18m:15,25,15,30,20,30,20,35,30,35,30,40
16d05h55m-16d22h43m:15,03,22,03,22,08,37,08,37,12
16d06h57m-16d21h34m:42,08,42,15,47,15,47,27,55,27
16d07h41m-16d23h59m:67,37,67,22
16d09h07m-16d21h48m:17,15,25,15
16d10h01m-16d21h20m:50,10,55,10,55,25
16d10h52m-16d22h19m:10,20,10,40,35,40
17d00h16m-17d22h24m:15,10,15,35,18,35
17d01h12m-17d23h59m:15,40,27,40
17d02h41m-17d22h18m:08,03,08,23,20,23
17d03h56m-17d23h59m:57,30,57,45
17d05h11m-17d22h25m:25,25,30,25,30,30,35,30
17d06h27m-17d22h47m:42,08,42,15,47,15,47,27,55,27
17d07h44m-17d22h06m:17,15,25,15
17d08h41m-17d22h05m:25,45,45,45,45,40
17d10h01m-17d21h33m:10,20,10,40,35,40
17d11h22m-17d23h59m:15,10,15,35,18,35
18d00h29m-18d23h59m:15,40,27,40
18d01h35m-18d22h39m:08,03,08,23,20,23
18d03h26m-18d22h31m:60,10,60,25
18d04h58m-18d23h59m:15,25,15,30,20,30,20,35,30,35,30,40
18d06h06m-18d22h30m:25,25,30,25,30,30,35,30
18d08h00m-18d22h22m:15,03,22,03,22,08,37,08,37,12
18d09h01m-18d22h35m:42,08,42,15,47,15,47,27,55,27
18d10h47m-18d22h04m:67,37,67,22
19d00h39m-19d20h52m:17,15,25,15
19d01h38m-19d21h33m:25,45,45,45,45,40
19d03h01m-19d22h12m:05,20,05,35
19d04h00m-19d20h30m:15,10,15,35,18,35
19d05h55m-19d22h26m:08,03,08,23,20,23
19d07h10m-19d20h42m:57,30,57,45
19d08h36m-19d21h21m:25,25,30,25,30,30,35,30
19d09h54m-19d20h08m:42,08,42,15,47,15,47,27,55,27
19d11h15m-19d20h57m:67,37,67,22
20d00h03m-20d23h59m:17,15,25,15
20d01h12m-20d20h47m:25,45,45,45,45,40
20d01h58m-20d22h14m:10,20,10,40,35,40
20d02h52m-20d22h30m:15,10,15,35,18,35
20d03h45m-20d20h45m:15,40,27,40
20d04h22m-20d21h52m:60,10,60,25
20d05h31m-20d20h52m:57,30,57,45
20d06h08m-20d22h23m:25,25,30,25,30,30,35,30
20d06h53m-20d22h38m:15,03,22,03,22,08,37,08,37,12
20d07h58m-20d23h59m:42,08,42,15,47,15,47,27,55,27
20d08h41m-20d22h39m:17,15,25,15
20d09h46m-20d20h43m:25,45,45,45,45,40
20d10h18m-20d21h07m:10,20,10,40,35,40
20d11h13m-20d21h52m:05,20,05,35
21d00h12m-21d20h08m:15,40,27,40
21d01h15m-21d20h26m:60,10,60,25
21d01h50m-21d23h59m:57,30,57,45
21d02h42m-21d20h28m:15,25,15,30,20,30,20,35,30,35,30,40
21d03h27m-21d23h59m:25,25,30,25,30,30,35,30
21d04h36m-21d23h59m:42,08,42,15,47,15,47,27,55,27
21d05h20m-21d21h24m:17,15,25,15
21d06h12m-21d23h59m:25,45,45,45,45,40
21d06h52m-21d20h34m:05,20,05,35
21d07h39m-21d21h52m:15,10,15,35,18,35
21d08h42m-21d22h02m:15,40,27,40
21d09h45m-21d23h59m:60,10,60,25
21d10h18m-21d21h24m:15,25,15,30,20,30,20,35,30,35,30,40
21d11h28m-21d20h38m:25,25,30,25,30,30,35,30
22d00h10m-22d23h59m:42,08,42,15,47,15,47,27,55,27
22d01h08m-22d23h59m:17,15,25,15
22d02h13m-22d23h59m:25,45,45,45,45,40
22d03h22m-22d22h27m:10,20,10,40,35,40
22d04h47m-22d23h59m:05,20,05,35
22d05h28m-22d22h31m:15,10,15,35,18,35
22d06h50m-22d20h21m:15,40,27,40
22d08h04m-22d20h55m:60,10,60,25
22d08h59m-22d20h42m:15,25,15,30,20,30,20,35,30,35,30,40
22d09h53m-22d21h40m:25,25,30,25,30,30,35,30
22d10h57m-22d20h36m:42,08,42,15,47,15,47,27,55,27
23d00h27m-23d21h00m:17,15,25,15
23d01h15m-23d21h03m:50,10,55,10,55,25
23d02h14m-23d23h59m:10,20,10,40,35,40
23d03h02m-23d21h39m:15,10,15,35,18,35
23d04h01m-23d22h58m:08,03,08,23,20,23
23d04h57m-23d23h59m:57,30,57,45
23d05h47m-23d23h59m:25,25,30,25,30,30,35,30
23d06h41m-23d20h09m:42,08,42,15,47,15,47,27,55,27
23d07h25m-23d20h31m:67,37,67,22
23d08h20m-23d23h59m:17,15,25,15
23d09h12m-23d20h27m:25,45,45,45,45,40
23d10h32m-23d21h42m:05,20,05,35
23d11h00m-23d20h54m:15,10,15,35,18,35
24d00h11m-24d23h59m:08,03,08,23,20,23
24d01h35m-24d21h58m:60,10,60,25
24d02h58m-24d20h12m:15,25,15,30,20,30,20,35,30,35,30,40
24d04h19m-24d20h54m:25,25,30,25,30,30,35,30
24d05h32m-24d22h55m:42,08,42,15,47,15,47,27,55,27
24d07h02m-24d23h59m:17,15,25,15
24d08h20m-24d21h20m:25,45,45,45,45,40
24d09h46m-24d22h09m:05,20,05,35
24d11h12m-24d21h42m:15,40,27,40
25d00h08m-25d22h12m:08,03,08,23,20,23
25d01h06m-25d23h59m:60,10,60,25
25d01h56m-25d22h14m:15,25,15,30,20,30,20,35,30,35,30,40
25d02h54m-25d20h45m:15,03,22,03,22,08,37,08,37,12
25d03h31m-25d23h59m:42,08,42,15,47,15,47,27,55,27
25d04h39m-25d20h21m:17,15,25,15
25d05h15m-25d21h02m:25,45,45,45,45,40
25d06h17m-25d22h44m:10,20,10,40,35,40
25d07h09m-25d20h56m:15,10,15,35,18,35
25d07h54m-25d22h00m:15,40,27,40
25d08h52m-25d23h59m:60,10,60,25
25d09h24m-25d22h10m:15,25,15,30,20,30,20,35,30,35,30,40
25d10h20m-25d23h59m:25,25,30,25,30,30,35,30
25d11h23m-25d23h59m:15,03,22,03,22,08,37,08,37,12
26d00h28m-26d21h46m:42,08,42,15,47,15,47,27,55,27
26d02h12m-26d22h09m:17,15,25,15
26d03h01m-26d21h19m:25,45,45,45,45,40
26d04h32m-26d23h59m:10,20,10,40,35,40
26d06h35m-26d21h22m:15,10,15,35,18,35
26d07h36m-26d20h53m:15,40,27,40
26d09h22m-26d23h59m:60,10,60,25
26d10h49m-26d22h57m:57,30,57,45
27d00h08m-27d21h31m:25,25,30,25,30,30,35,30
27d01h09m-27d20h37m:15,03,22,03,22,08,37,08,37,12
27d01h58m-27d21h56m:42,08,42,15,47,15,47,27,55,27
27d03h10m-27d21h18m:17,15,25,15
27d03h58m-27d22h48m:25,45,45,45,45,40
27d04h43m-27d21h12m:10,20,10,40,35,40
27d05h56m-27d22h49m:15,10,15,35,18,35
27d06h36m-27d21h56m:15,40,27,40
27d07h46m-27d22h50m:08,03,08,23,20,23
27d08h17m-27d20h12m:57,30,57,45
27d09h35m-27d23h59m:15,25,15,30,20,30,20,35,30,35,30,40
27d10h24m-27d23h59m:25,25,30,25,30,30,35,30
27d11h25m-27d21h16m:15,03,22,03,22,08,37,08,37,12
28d00h25m-28d21h51m:42,08,42,15,47,15,47,27,55,27
28d01h21m-28d22h22m:67,37,67,22
28d02h05m-28d21h50m:17,15,25,15
28d03h11m-28d20h23m:50,10,55,10,55,25
28d03h44m-28d20h11m:10,20,10,40,35,40
28d04h59m-28d20h28m:15,10,15,35,18,35
28d05h33m-28d23h59m:08,03,08,23,20,23
28d06h51m-28d20h57m:57,30,57,45
28d07h33m-28d21h11m:15,25,15,30,20,30,20,35,30,35,30,40
28d08h31m-28d20h25m:25,25,30,25,30,30,35,30
28d09h26m-28d20h12m:42,08,42,15,47,15,47,27,55,27
28d10h09m-28d22h58m:17,15,25,15
28d11h01m-28d21h50m:50,10,55,10,55,25
