01d00h32m-01d23h59m:05,20,05,35
01d01h48m-01d22h32m:15,10,15,35,18,35
01d02h40m-01d23h59m:08,03,08,23,20,23
01d04h16m-01d21h18m:57,30,57,45
01d05h49m-01d20h17m:15,25,15,30,20,30,20,35,30,35,30,40
01d07h08m-01d22h08m:25,25,30,25,30,30,35,30
01d08h30m-01d22h13m:42,08,42,15,47,15,47,27,55,27
01d09h34m-01d20h16m:67,37,67,22
01d11h13m-01d22h25m:17,15,25,15
02d00h04m-02d21h27m:25,45,45,45,45,40
02d01h25m-02d20h29m:10,20,10,40,35,40
02d02h22m-02d23h59m:05,20,05,35
02d03h08m-02d22h22m:15,40,27,40
02d04h06m-02d21h36m:60,10,60,25
02d05h22m-02d20h44m:57,30,57,45
02d06h15m-02d21h20m:15,25,15,30,20,30,20,35,30,35,30,40
02d07h03m-02d21h04m:15,03,22,03,22,08,37,08,37,12
02d08h08m-02d22h36m:42,08,42,15,47,15,47,27,55,27
02d09h17m-02d22h29m:67,37,67,22
02d10h05m-02d20h34m:50,10,55,10,55,25
02d11h18m-02d21h49m:10,20,10,40,35,40
03d00h05m-03d22h21m:05,20,05,35
03d01h13m-03d20h41m:15,10,15,35,18,35
03d02h18m-03d21h44m:08,03,08,23,20,23
03d03h18m-03d23h59m:60,10,60,25
03d04h39m-03d22h40m:15,25,15,30,20,30,20,35,30,35,30,40
03d05h50m-03d21h37m:25,25,30,25,30,30,35,30
03d06h35m-03d21h32m:42,08,42,15,47,15,47,27,55,27
03d07h59m-03d21h10m:67,37,67,22
03d08h48m-03d21h41m:17,15,25,15
03d10h04m-03d21h56m:25,45,45,45,45,40
03d11h12m-03d20h15m:10,20,10,40,35,40
04d00h20m-04d22h26m:15,10,15,35,18,35
04d01h54m-04d22h28m:08,03,08,23,20,23
04d03h14m-04d22h24m:60,10,60,25
04d04h16m-04d20h47m:57,30,57,45
04d05h39m-04d21h47m:15,25,15,30,20,30,20,35,30,35,30,40
04d06h41m-04d21h59m:25,25,30,25,30,30,35,30
04d08h15m-04d21h02m:42,08,42,15,47,15,47,27,55,27
04d09h29m-04d22h22m:17,15,25,15
04d11h10m-04d23h59m:25,45,45,45,45,40
05d00h10m-05d20h44m:05,20,05,35
05d01h13m-05d20h59m:15,40,27,40
05d02h16m-05d22h28m:60,10,60,25
05d02h50m-05d21h15m:57,30,57,45
05d03h54m-05d20h16m:25,25,30,25,30,30,35,30
05d04h57m-05d22h03m:42,08,42,15,47,15,47,27,55,27
05d05h57m-05d23h59m:17,15,25,15
05d06h43m-05d22h48m:25,45,45,45,45,40
05d07h41m-05d20h17m:05,20,05,35
05d08h39m-05d21h09m:15,40,27,40
05d09h23m-05d21h21m:08,03,08,23,20,23
05d10h24m-05d21h39m:60,10,60,25
05d11h12m-05d22h10m:15,25,15,30,20,30,20,35,30,35,30,40
06d00h21m-06d20h35m:15,03,22,03,22,08,37,08,37,12
06d01h05m-06d21h37m:42,08,42,15,47,15,47,27,55,27
06d02h05m-06d21h54m:67,37,67,22
06d02h54m-06d22h25m:17,15,25,15
06d03h45m-06d20h56m:25,45,45,45,45,40
06d04h44m-06d20h59m:10,20,10,40,35,40
06d05h35m-06d21h49m:05,20,05,35
06d06h35m-06d23h59m:15,10,15,35,18,35
06d07h22m-06d21h29m:15,40,27,40
06d08h26m-06d22h05m:08,03,08,23,20,23
06d09h11m-06d20h09m:57,30,57,45
06d10h29m-06d22h28m:15,25,15,30,20,30,20,35,30,35,30,40
06d11h05m-06d20h29m:15,03,22,03,22,08,37,08,37,12
07d00h12m-07d21h01m:42,08,42,15,47,15,47,27,55,27
07d01h29m-07d22h11m:17,15,25,15
07d02h11m-07d22h27m:25,45,45,45,45,40
07d03h11m-07d21h36m:05,20,05,35
07d04h27m-07d21h37m:15,10,15,35,18,35
07d05h23m-07d22h46m:15,40,27,40
07d06h07m-07d23h59m:08,03,08,23,20,23
07d07h12m-07d21h38m:60,10,60,25
07d08h23m-07d23h59m:15,25,15,30,20,30,20,35,30,35,30,40
07d09h19m-07d20h58m:15,03,22,03,22,08,37,08,37,12
07d10h12m-07d23h59m:42,08,42,15,47,15,47,27,55,27
07d11h03m-07d21h51m:67,37,67,22
08d00h13m-08d20h07m:50,10,55,10,55,25
08d02h00m-08d23h59m:10,20,10,40,35,40
08d03h16m-08d21h19m:05,20,05,35
08d05h05m-08d23h59m:15,40,27,40
08d06h41m-08d23h59m:60,10,60,25
08d07h47m-08d23h59m:15,25,15,30,20,30,20,35,30,35,30,40
08d09h11m-08d23h59m:15,03,22,03,22,08,37,08,37,12
08d10h48m-08d21h48m:67,37,67,22
09d00h13m-09d21h37m:50,10,55,10,55,25
09d01h16m-09d20h05m:25,45,45,45,45,40
09d01h59m-09d22h16m:10,20,10,40,35,40
09d02h58m-09d22h57m:05,20,05,35
09d04h05m-09d23h59m:15,10,15,35,18,35
09d04h54m-09d22h59m:08,03,08,23,20,23
09d05h56m-09d23h59m:60,10,60,25
09d06h32m-09d21h40m:15,25,15,30,20,30,20,35,30,35,30,40
09d07h29m-09d20h13m:25,25,30,25,30,30,35,30
09d08h23m-09d23h59m:15,03,22,03,22,08,37,08,37,12
09d09h16m-09d21h35m:67,37,67,22
09d10h07m-09d22h03m:17,15,25,15
09d11h21m-09d22h13m:50,10,55,10,55,25
10d00h17m-10d21h52m:10,20,10,40,35,40
10d01h18m-10d21h17m:15,10,15,35,18,35
10d02h12m-10d22h01m:15,40,27,40
10d03h00m-10d20h34m:08,03,08,23,20,23
10d03h53m-10d21h45m:60,10,60,25
10d04h36m-10d22h03m:15,25,15,30,20,30,20,35,30,35,30,40
10d05h52m-10d23h59m:25,25,30,25,30,30,35,30
10d06h27m-10d21h53m:42,08,42,15,47,15,47,27,55,27
10d07h43m-10d23h59m:67,37,67,22
10d08h20m-10d23h59m:50,10,55,10,55,25
10d09h29m-10d20h21m:10,20,10,40,35,40
10d10h17m-10d23h59m:05,20,05,35
10d11h20m-10d21h11m:15,10,15,35,18,35
11d00h17m-11d20h41m:08,03,08,23,20,23
11d01h12m-11d23h59m:57,30,57,45
11d02h39m-11d23h59m:25,25,30,25,30,30,35,30
11d04h07m-11d21h44m:15,03,22,03,22,08,37,08,37,12
11d05h20m-11d22h15m:42,08,42,15,47,15,47,27,55,27
11d06h33m-11d21h22m:67,37,67,22
11d07h36m-11d22h48m:50,10,55,10,55,25
11d08h32m-11d22h37m:10,20,10,40,35,40
11d09h37m-11d23h59m:15,10,15,35,18,35
11d10h59m-11d22h42m:08,03,08,23,20,23
12d00h00m-12d22h58m:60,10,60,25
12d01h28m-12d22h23m:15,25,15,30,20,30,20,35,30,35,30,40
12d02h29m-12d22h32m:15,03,22,03,22,08,37,08,37,12
12d03h26m-12d21h02m:67,37,67,22
12d04h16m-12d20h14m:17,15,25,15
12d05h11m-12d20h02m:25,45,45,45,45,40
12d06h02m-12d23h59m:10,20,10,40,35,40
12d07h09m-12d23h59m:05,20,05,35
12d08h27m-12d20h05m:15,10,15,35,18,35
12d09h04m-12d21h20m:15,40,27,40
12d10h20m-12d20h53m:60,10,60,25
12d11h09m-12d20h35m:57,30,57,45
13d00h05m-13d22h57m:15,25,15,30,20,30,20,35,30,35,30,40
13d00h54m-13d22h38m:25,25,30,25,30,30,35,30
13d01h56m-13d21h20m:15,03,22,03,22,08,37,08,37,12
13d02h46m-13d23h59m:42,08,42,15,47,15,47,27,55,27
13d03h41m-13d22h11m:17,15,25,15
13d04h38m-13d20h07m:50,10,55,10,55,25
13d05h10m-13d23h59m:10,20,10,40,35,40
13d05h57m-13d20h46m:15,10,15,35,18,35
13d07h04m-13d20h14m:15,40,27,40
13d07h42m-13d20h13m:08,03,08,23,20,23
13d08h34m-13d20h32m:57,30,57,45
13d09h42m-13d20h22m:25,25,30,25,30,30,35,30
13d10h15m-13d21h26m:15,03,22,03,22,08,37,08,37,12
13d11h24m-13d22h58m:67,37,67,22
14d00h04m-14d23h59m:50,10,55,10,55,25
14d01h13m-14d22h16m:10,20,10,40,35,40
14d01h44m-14d22h13m:05,20,05,35
14d02h46m-14d21h55m:15,10,15,35,18,35
14d03h37m-14d23h59m:08,03,08,23,20,23
14d04h18m-14d21h07m:57,30,57,45
14d05h12m-14d22h15m:15,25,15,30,20,30,20,35,30,35,30,40
14d06h08m-14d20h33m:25,25,30,25,30,30,35,30
14d07h11m-14d22h16m:42,08,42,15,47,15,47,27,55,27
14d07h52m-14d20h34m:17,15,25,15
14d08h48m-14d22h02m:50,10,55,10,55,25
14d09h33m-14d21h51m:25,45,45,45,45,40
14d10h27m-14d20h57m:10,20,10,40,35,40
14d11h25m-14d22h23m:05,20,05,35
15d00h15m-15d23h59m:15,40,27,40
15d01h03m-15d23h59m:60,10,60,25
15d01h50m-15d21h08m:15,25,15,30,20,30,20,35,30,35,30,40
15d02h38m-15d21h09m:25,25,30,25,30,30,35,30
15d03h26m-15d23h59m:15,03,22,03,22,08,37,08,37,12
15d04h24m-15d21h47m:42,08,42,15,47,15,47,27,55,27
15d05h25m-15d21h48m:67,37,67,22
15d06h20m-15d21h18m:50,10,55,10,55,25
15d06h49m-15d20h52m:10,20,10,40,35,40
15d07h42m-15d22h21m:05,20,05,35
15d08h34m-15d21h26m:15,40,27,40
15d09h33m-15d21h21m:60,10,60,25
15d10h34m-15d20h48m:57,30,57,45
15d11h05m-15d22h53m:15,25,15,30,20,30,20,35,30,35,30,40
16d00h12m-16d23h59m:25,25,30,25,30,30,35,30
16d01h13m-16d23h59m:15,03,22,03,22,08,37,08,37,12
16d02h42m-16d21h17m:42,08,42,15,47,15,47,27,55,27
16d03h43m-16d20h03m:17,15,25,15
16d05h19m-16d23h59m:50,10,55,10,55,25
16d06h13m-16d21h03m:10,20,10,40,35,40
16d07h38m-16d21h29m:15,10,15,35,18,35
16d08h54m-16d21h26m:08,03,08,23,20,23
16d09h38m-16d20h57m:57,30,57,45
16d11h17m-16d20h28m:25,25,30,25,30,30,35,30
17d00h13m-17d21h43m:15,03,22,03,22,08,37,08,37,12
17d01h03m-17d20h01m:42,08,42,15,47,15,47,27,55,27
17d02h06m-17d20h00m:67,37,67,22
17d03h21m-17d23h59m:17,15,25,15
17d04h14m-17d22h27m:25,45,45,45,45,40
17d05h27m-17d22h28m:10,20,10,40,35,40
17d06h05m-17d22h59m:15,10,15,35,18,35
17d07h26m-17d22h38m:15,40,27,40
17d08h29m-17d21h03m:08,03,08,23,20,23
17d09h21m-17d20h32m:60,10,60,25
17d10h22m-17d23h59m:57,30,57,45
17d11h26m-17d22h59m:15,25,15,30,20,30,20,35,30,35,30,40
18d00h06m-18d20h22m:15,03,22,03,22,08,37,08,37,12
18d01h28m-18d23h59m:42,08,42,15,47,15,47,27,55,27
18d02h43m-18d21h39m:67,37,67,22
18d04h38m-18d22h23m:50,10,55,10,55,25
18d05h29m-18d21h57m:25,45,45,45,45,40
18d06h45m-18d20h50m:05,20,05,35
18d08h15m-18d21h41m:15,10,15,35,18,35
18d09h54m-18d21h12m:15,40,27,40
18d10h51m-18d22h59m:60,10,60,25
19d00h25m-19d22h33m:15,25,15,30,20,30,20,35,30,35,30,40
19d01h01m-19d21h20m:15,03,22,03,22,08,37,08,37,12
19d02h09m-19d21h49m:67,37,67,22
19d02h46m-19d23h59m:50,10,55,10,55,25
19d04h00m-19d20h05m:25,45,45,45,45,40
19d04h48m-19d22h07m:05,20,05,35
19d05h38m-19d23h59m:15,40,27,40
19d06h36m-19d22h57m:60,10,60,25
19d07h32m-19d21h16m:57,30,57,45
19d08h33m-19d21h57m:25,25,30,25,30,30,35,30
19d09h12m-19d23h59m:42,08,42,15,47,15,47,27,55,27
19d10h13m-19d20h10m:67,37,67,22
19d11h05m-19d23h59m:17,15,25,15
20d00h26m-20d22h59m:25,45,45,45,45,40
20d01h10m-20d22h06m:05,20,05,35
20d02h12m-20d21h01m:15,40,27,40
20d03h09m-20d20h59m:08,03,08,23,20,23
20d03h58m-20d20h31m:57,30,57,45
20d04h42m-20d21h04m:25,25,30,25,30,30,35,30
20d05h33m-20d22h54m:42,08,42,15,47,15,47,27,55,27
20d06h40m-20d20h31m:67,37,67,22
20d07h20m-20d20h30m:50,10,55,10,55,25
20d08h34m-20d22h21m:10,20,10,40,35,40
20d09h27m-20d21h11m:05,20,05,35
20d10h30m-20d22h19m:15,10,15,35,18,35
20d11h21m-20d21h39m:15,40,27,40
21d00h01m-21d21h09m:08,03,08,23,20,23
21d01h13m-21d22h56m:57,30,57,45
21d02h35m-21d22h12m:25,25,30,25,30,30,35,30
21d03h37m-21d23h59m:15,03,22,03,22,08,37,08,37,12
21d04h52m-21d20h01m:67,37,67,22
21d06h34m-21d22h13m:17,15,25,15
21d07h24m-21d20h32m:50,10,55,10,55,25
21d08h50m-21d23h59m:25,45,45,45,45,40
21d10h03m-21d20h00m:10,20,10,40,35,40
21d11h11m-21d21h31m:05,20,05,35
22d00h36m-22d23h59m:15,10,15,35,18,35
22d01h40m-22d21h40m:08,03,08,23,20,23
22d03h18m-22d21h20m:60,10,60,25
22d04h18m-22d22h31m:57,30,57,45
22d05h27m-22d22h57m:25,25,30,25,30,30,35,30
22d07h08m-22d22h57m:42,08,42,15,47,15,47,27,55,27
22d08h04m-22d21h43m:17,15,25,15
22d09h57m-22d23h59m:50,10,55,10,55,25
22d10h44m-22d20h20m:10,20,10,40,35,40
23d00h05m-23d21h52m:05,20,05,35
23d01h12m-23d21h55m:15,40,27,40
23d01h56m-23d21h14m:08,03,08,23,20,23
23d02h45m-23d20h39m:60,10,60,25
23d03h43m-23d23h59m:15,25,15,30,20,30,20,35,30,35,30,40
23d04h18m-23d21h12m:15,03,22,03,22,08,37,08,37,12
23d05h08m-23d22h37m:42,08,42,15,47,15,47,27,55,27
23d06h19m-23d23h59m:17,15,25,15
23d07h04m-23d22h29m:25,45,45,45,45,40
23d08h04m-23d23h59m:10,20,10,40,35,40
23d08h51m-23d23h59m:15,10,15,35,18,35
23d09h36m-23d22h48m:08,03,08,23,20,23
23d10h36m-23d20h56m:60,10,60,25
23d11h18m-23d21h21m:15,25,15,30,20,30,20,35,30,35,30,40
24d00h29m-24d23h59m:25,25,30,25,30,30,35,30
24d01h58m-24d23h59m:42,08,42,15,47,15,47,27,55,27
24d03h23m-24d21h38m:67,37,67,22
24d05h05m-24d21h18m:50,10,55,10,55,25
24d06h19m-24d22h24m:10,20,10,40,35,40
24d08h00m-24d22h25m:05,20,05,35
24d09h09m-24d21h45m:15,40,27,40
24d10h46m-24d20h33m:60,10,60,25
25d00h08m-25d22h24m:57,30,57,45
25d01h56m-25d21h37m:15,25,15,30,20,30,20,35,30,35,30,40
25d03h28m-25d21h28m:15,03,22,03,22,08,37,08,37,12
25d05h12m-25d20h04m:67,37,67,22
25d06h01m-25d21h57m:17,15,25,15
25d08h10m-25d23h59m:50,10,55,10,55,25
25d09h10m-25d21h00m:25,45,45,45,45,40
25d10h52m-25d20h33m:05,20,05,35
26d00h02m-26d20h56m:15,40,27,40
26d01h47m-26d22h52m:60,10,60,25
26d02h47m-26d21h12m:57,30,57,45
26d03h53m-26d21h42m:25,25,30,25,30,30,35,30
26d05h09m-26d22h47m:42,08,42,15,47,15,47,27,55,27
26d06h22m-26d22h00m:17,15,25,15
26d07h47m-26d23h59m:25,45,45,45,45,40
26d08h56m-26d21h17m:10,20,10,40,35,40
26d10h00m-26d21h25m:05,20,05,35
26d10h59m-26d20h50m:15,40,27,40
27d00h20m-27d23h59m:60,10,60,25
27d01h40m-27d21h31m:15,25,15,30,20,30,20,35,30,35,30,40
27d03h17m-27d21h15m:25,25,30,25,30,30,35,30
27d04h01m-27d21h39m:15,03,22,03,22,08,37,08,37,12
27d05h31m-27d23h59m:42,08,42,15,47,15,47,27,55,27
27d07h19m-27d20h30m:67,37,67,22
27d08h13m-27d22h51m:50,10,55,10,55,25
27d09h59m-27d21h03m:25,45,45,45,45,40
27d11h18m-27d22h31m:10,20,10,40,35,40
28d00h16m-28d22h59m:05,20,05,35
28d01h35m-28d22h15m:15,40,27,40
28d02h33m-28d23h59m:08,03,08,23,20,23
28d03h29m-28d22h44m:60,10,60,25
28d04h24m-28d20h28m:15,25,15,30,20,30,20,35,30,35,30,40
28d05h26m-28d23h59m:15,03,22,03,22,08,37,08,37,12
28d06h49m-28d20h38m:42,08,42,15,47,15,47,27,55,27
28d08h01m-28d23h59m:67,37,67,22
28d08h57m-28d20h47m:17,15,25,15
28d09h48m-28d23h59m:50,10,55,10,55,25
28d11h14m-28d22h04m:10,20,10,40,35,40
