01d00h25m-01d21h44m:15,10,15,35,18,35
01d01h23m-01d21h43m:08,03,08,23,20,23
01d02h18m-01d23h59m:60,10,60,25
01d03h24m-01d20h36m:57,30,57,45
01d04h07m-01d23h59m:25,25,30,25,30,30,35,30
01d05h21m-01d23h59m:15,03,22,03,22,08,37,08,37,12
01d06h05m-01d22h21m:67,37,67,22
01d07h15m-01d20h52m:17,15,25,15
01d08h09m-01d20h18m:50,10,55,10,55,25
01d09h01m-01d21h22m:10,20,10,40,35,40
01d10h06m-01d21h35m:05,20,05,35
01d11h08m-01d21h07m:15,40,27,40
02d00h10m-02d21h30m:08,03,08,23,20,23
02d01h20m-02d20h41m:57,30,57,45
02d02h22m-02d21h57m:15,25,15,30,20,30,20,35,30,35,30,40
02d03h26m-02d23h59m:25,25,30,25,30,30,35,30
02d04h29m-02d23h59m:42,08,42,15,47,15,47,27,55,27
02d05h16m-02d22h16m:67,37,67,22
02d06h01m-02d20h46m:17,15,25,15
02d07h29m-02d22h11m:50,10,55,10,55,25
02d08h25m-02d22h46m:10,20,10,40,35,40
02d09h15m-02d23h59m:15,10,15,35,18,35
02d10h28m-02d20h10m:15,40,27,40
02d11h26m-02d20h47m:08,03,08,23,20,23
03d00h03m-03d23h59m:57,30,57,45
03d01h33m-03d21h35m:25,25,30,25,30,30,35,30
03d03h37m-03d21h07m:15,03,22,03,22,08,37,08,37,12
03d04h44m-03d20h41m:42,08,42,15,47,15,47,27,55,27
03d06h10m-03d20h37m:17,15,25,15
03d07h56m-03d23h59m:25,45,45,45,45,40
03d09h02m-03d20h47m:10,20,10,40,35,40
03d11h02m-03d20h16m:05,20,05,35
04d00h14m-04d21h54m:15,10,15,35,18,35
04d02h03m-04d21h52m:08,03,08,23,20,23
04d03h40m-04d20h24m:57,30,57,45
04d04h40m-04d20h28m:15,25,15,30,20,30,20,35,30,35,30,40
04d06h25m-04d23h59m:25,25,30,25,30,30,35,30
04d07h38m-04d22h07m:15,03,22,03,22,08,37,08,37,12
04d09h44m-04d23h59m:42,08,42,15,47,15,47,27,55,27
04d11h05m-04d20h54m:67,37,67,22
05d00h23m-05d22h18m:50,10,55,10,55,25
05d01h16m-05d23h59m:10,20,10,40,35,40
05d02h50m-05d20h19m:05,20,05,35
05d03h48m-05d22h46m:15,10,15,35,18,35
05d04h50m-05d20h51m:08,03,08,23,20,23
05d06h17m-05d23h59m:57,30,57,45
05d07h46m-05d23h59m:25,25,30,25,30,30,35,30
05d08h50m-05d20h59m:15,03,22,03,22,08,37,08,37,12
05d09h53m-05d23h59m:42,08,42,15,47,15,47,27,55,27
05d10h49m-05d21h16m:67,37,67,22
06d00h12m-06d20h43m:50,10,55,10,55,25
06d01h04m-06d21h58m:10,20,10,40,35,40
06d02h01m-06d20h04m:15,10,15,35,18,35
06d03h15m-06d22h01m:15,40,27,40
06d04h00m-06d20h23m:08,03,08,23,20,23
06d05h05m-06d21h29m:60,10,60,25
06d06h16m-06d23h59m:57,30,57,45
06d07h00m-06d20h35m:15,25,15,30,20,30,20,35,30,35,30,40
06d08h22m-06d22h24m:15,03,22,03,22,08,37,08,37,12
06d09h15m-06d23h59m:67,37,67,22
06d10h27m-06d22h40m:17,15,25,15
06d11h10m-06d22h22m:50,10,55,10,55,25
07d00h16m-07d21h54m:10,20,10,40,35,40
07d01h06m-07d22h47m:05,20,05,35
07d02h10m-07d20h23m:15,10,15,35,18,35
07d03h19m-07d20h39m:08,03,08,23,20,23
07d04h22m-07d21h04m:57,30,57,45
07d05h34m-07d21h48m:15,25,15,30,20,30,20,35,30,35,30,40
07d06h56m-07d22h13m:25,25,30,25,30,30,35,30
07d07h39m-07d20h12m:42,08,42,15,47,15,47,27,55,27
07d09h08m-07d23h59m:17,15,25,15
07d09h53m-07d20h31m:25,45,45,45,45,40
07d10h53m-07d20h41m:05,20,05,35
08d00h06m-08d23h59m:15,10,15,35,18,35
08d01h18m-08d22h27m:08,03,08,23,20,23
08d02h12m-08d23h59m:60,10,60,25
08d03h14m-08d20h05m:57,30,57,45
08d04h09m-08d22h02m:25,25,30,25,30,30,35,30
08d05h25m-08d23h59m:15,03,22,03,22,08,37,08,37,12
08d06h29m-08d21h04m:42,08,42,15,47,15,47,27,55,27
08d07h06m-08d23h59m:17,15,25,15
08d08h13m-08d23h59m:25,45,45,45,45,40
08d09h04m-08d21h25m:10,20,10,40,35,40
08d10h02m-08d22h29m:05,20,05,35
08d11h18m-08d20h42m:15,10,15,35,18,35
09d00h07m-09d21h56m:15,40,27,40
09d02h12m-09d20h59m:60,10,60,25
09d03h33m-09d21h26m:15,25,15,30,20,30,20,35,30,35,30,40
09d04h44m-09d23h59m:25,25,30,25,30,30,35,30
09d06h23m-09d20h22m:42,08,42,15,47,15,47,27,55,27
09d07h33m-09d21h30m:17,15,25,15
09d09h26m-09d20h39m:50,10,55,10,55,25
09d11h04m-09d23h59m:25,45,45,45,45,40
10d00h34m-10d21h53m:10,20,10,40,35,40
10d01h48m-10d23h59m:05,20,05,35
10d03h07m-10d23h59m:15,10,15,35,18,35
10d05h10m-10d22h14m:08,03,08,23,20,23
10d06h01m-10d21h35m:57,30,57,45
10d07h49m-10d20h36m:15,25,15,30,20,30,20,35,30,35,30,40
10d09h19m-10d22h07m:25,25,30,25,30,30,35,30
10d11h00m-10d20h58m:15,03,22,03,22,08,37,08,37,12
11d00h22m-11d22h24m:67,37,67,22
11d00h55m-11d22h24m:17,15,25,15
11d01h52m-11d22h20m:25,45,45,45,45,40
11d02h46m-11d21h29m:05,20,05,35
11d03h38m-11d22h45m:15,40,27,40
11d04h17m-11d23h59m:08,03,08,23,20,23
11d05h25m-11d23h59m:57,30,57,45
11d06h11m-11d22h59m:15,25,15,30,20,30,20,35,30,35,30,40
11d06h49m-11d20h58m:15,03,22,03,22,08,37,08,37,12
11d07h50m-11d22h38m:67,37,67,22
11d08h46m-11d21h08m:50,10,55,10,55,25
11d09h32m-11d21h46m:10,20,10,40,35,40
11d10h22m-11d20h20m:15,10,15,35,18,35
11d11h22m-11d23h59m:08,03,08,23,20,23
12d00h32m-12d22h29m:57,30,57,45
12d01h38m-12d21h13m:25,25,30,25,30,30,35,30
12d02h28m-12d23h59m:42,08,42,15,47,15,47,27,55,27
12d03h41m-12d23h59m:67,37,67,22
12d05h07m-12d22h51m:17,15,25,15
12d06h07m-12d23h59m:25,45,45,45,45,40
12d07h19m-12d20h17m:05,20,05,35
12d08h33m-12d21h24m:15,40,27,40
12d09h59m-12d21h08m:08,03,08,23,20,23
12d11h08m-12d23h59m:60,10,60,25
13d00h39m-13d20h22m:15,25,15,30,20,30,20,35,30,35,30,40
13d01h48m-13d23h59m:15,03,22,03,22,08,37,08,37,12
13d02h41m-13d22h05m:67,37,67,22
13d04h12m-13d21h24m:17,15,25,15
13d05h51m-13d21h07m:25,45,45,45,45,40
13d06h51m-13d21h59m:05,20,05,35
13d08h03m-13d22h11m:15,40,27,40
13d09h24m-13d20h23m:60,10,60,25
13d11h14m-13d23h59m:15,25,15,30,20,30,20,35,30,35,30,40
14d00h22m-14d23h59m:15,03,22,03,22,08,37,08,37,12
14d01h07m-14d22h51m:42,08,42,15,47,15,47,27,55,27
14d02h07m-14d23h59m:17,15,25,15
14d02h35m-14d21h07m:25,45,45,45,45,40
14d03h25m-14d21h07m:10,20,10,40,35,40
14d04h33m-14d22h30m:15,10,15,35,18,35
14d05h13m-14d21h08m:08,03,08,23,20,23
14d06h15m-14d23h59m:57,30,57,45
14d06h58m-14d21h34m:25,25,30,25,30,30,35,30
14d07h47m-14d21h43m:15,03,22,03,22,08,37,08,37,12
14d08h32m-14d22h06m:67,37,67,22
14d09h40m-14d23h59m:50,10,55,10,55,25
14d10h22m-14d23h59m:10,20,10,40,35,40
14d11h04m-14d22h26m:05,20,05,35
15d00h31m-15d20h04m:15,40,27,40
15d01h49m-15d20h40m:60,10,60,25
15d02h54m-15d22h37m:15,25,15,30,20,30,20,35,30,35,30,40
15d04h24m-15d21h59m:25,25,30,25,30,30,35,30
15d05h58m-15d21h34m:15,03,22,03,22,08,37,08,37,12
15d07h19m-15d22h27m:67,37,67,22
15d08h30m-15d20h20m:17,15,25,15
15d09h36m-15d21h07m:25,45,45,45,45,40
15d11h11m-15d20h05m:10,20,10,40,35,40
16d00h08m-16d22h01m:15,10,15,35,18,35
16d01h13m-16d22h32m:08,03,08,23,20,23
16d02h21m-16d22h54m:60,10,60,25
16d03h33m-16d20h31m:57,30,57,45
16d04h25m-16d22h41m:25,25,30,25,30,30,35,30
16d05h53m-16d20h33m:15,03,22,03,22,08,37,08,37,12
16d06h52m-16d22h30m:67,37,67,22
16d08h04m-16d20h43m:50,10,55,10,55,25
16d08h50m-16d23h59m:25,45,45,45,45,40
16d09h54m-16d20h41m:10,20,10,40,35,40
16d11h10m-16d22h12m:15,10,15,35,18,35
17d00h13m-17d21h55m:08,03,08,23,20,23
17d01h44m-17d23h59m:57,30,57,45
17d03h05m-17d22h36m:25,25,30,25,30,30,35,30
17d04h14m-17d22h08m:42,08,42,15,47,15,47,27,55,27
17d05h22m-17d21h46m:17,15,25,15
17d07h04m-17d22h11m:50,10,55,10,55,25
17d08h03m-17d20h46m:10,20,10,40,35,40
17d09h20m-17d22h38m:05,20,05,35
17d10h56m-17d22h04m:15,10,15,35,18,35
18d00h07m-18d22h29m:15,40,27,40
18d00h53m-18d20h06m:60,10,60,25
18d01h54m-18d23h59m:15,25,15,30,20,30,20,35,30,35,30,40
18d02h49m-18d23h59m:15,03,22,03,22,08,37,08,37,12
18d03h44m-18d23h59m:67,37,67,22
18d04h16m-18d20h15m:17,15,25,15
18d05h30m-18d21h23m:25,45,45,45,45,40
18d06h10m-18d21h27m:05,20,05,35
18d07h11m-18d22h35m:15,40,27,40
18d07h49m-18d20h20m:60,10,60,25
18d08h49m-18d23h59m:57,30,57,45
18d09h21m-18d20h17m:25,25,30,25,30,30,35,30
18d10h31m-18d21h51m:42,08,42,15,47,15,47,27,55,27
18d11h16m-18d20h07m:17,15,25,15
19d00h28m-19d20h43m:25,45,45,45,45,40
19d01h25m-19d21h23m:10,20,10,40,35,40
19d02h03m-19d23h59m:15,10,15,35,18,35
19d03h15m-19d20h40m:15,40,27,40
19d04h21m-19d21h41m:60,10,60,25
19d05h21m-19d21h24m:15,25,15,30,20,30,20,35,30,35,30,40
19d06h19m-19d22h20m:25,25,30,25,30,30,35,30
19d07h28m-19d20h28m:42,08,42,15,47,15,47,27,55,27
19d08h01m-19d20h02m:17,15,25,15
19d09h02m-19d21h03m:25,45,45,45,45,40
19d10h25m-19d23h59m:05,20,05,35
19d11h09m-19d22h21m:15,40,27,40
20d00h22m-20d20h59m:60,10,60,25
20d01h00m-20d23h59m:15,25,15,30,20,30,20,35,30,35,30,40
20d01h46m-20d20h48m:25,25,30,25,30,30,35,30
20d02h48m-20d22h17m:15,03,22,03,22,08,37,08,37,12
20d03h33m-20d21h53m:67,37,67,22
20d04h33m-20d20h05m:17,15,25,15
20d05h14m-20d20h22m:25,45,45,45,45,40
20d06h17m-20d20h56m:05,20,05,35
20d07h05m-20d20h15m:15,10,15,35,18,35
20d07h44m-20d22h11m:08,03,08,23,20,23
20d08h52m-20d21h47m:57,30,57,45
20d09h24m-20d22h52m:25,25,30,25,30,30,35,30
20d10h14m-20d20h13m:15,03,22,03,22,08,37,08,37,12
20d11h21m-20d22h20m:67,37,67,22
21d00h16m-21d20h35m:17,15,25,15
21d01h40m-21d23h59m:50,10,55,10,55,25
21d03h19m-21d22h24m:25,45,45,45,45,40
21d04h24m-21d22h36m:10,20,10,40,35,40
21d05h30m-21d20h30m:05,20,05,35
21d07h18m-21d20h08m:15,40,27,40
21d08h34m-21d22h50m:60,10,60,25
21d09h37m-21d20h23m:57,30,57,45
21d11h16m-21d21h07m:25,25,30,25,30,30,35,30
22d00h40m-22d20h04m:15,03,22,03,22,08,37,08,37,12
22d01h36m-22d23h59m:67,37,67,22
22d03h14m-22d22h32m:50,10,55,10,55,25
22d05h04m-22d21h55m:10,20,10,40,35,40
22d06h41m-22d22h49m:15,10,15,35,18,35
22d08h00m-22d21h04m:08,03,08,23,20,23
22d09h06m-22d21h04m:57,30,57,45
22d10h44m-22d22h26m:15,25,15,30,20,30,20,35,30,35,30,40
23d00h05m-23d21h53m:25,25,30,25,30,30,35,30
23d01h37m-23d20h45m:15,03,22,03,22,08,37,08,37,12
23d03h09m-23d20h18m:42,08,42,15,47,15,47,27,55,27
23d04h32m-23d20h15m:67,37,67,22
23d06h08m-23d23h59m:17,15,25,15
23d07h39m-23d23h59m:25,45,45,45,45,40
23d09h33m-23d20h15m:10,20,10,40,35,40
23d10h47m-23d21h14m:15,10,15,35,18,35
24d00h17m-24d23h59m:15,40,27,40
24d01h20m-24d23h59m:08,03,08,23,20,23
24d01h53m-24d21h03m:60,10,60,25
24d02h58m-24d23h59m:15,25,15,30,20,30,20,35,30,35,30,40
24d03h49m-24d21h09m:15,03,22,03,22,08,37,08,37,12
24d04h51m-24d22h13m:67,37,67,22
24d05h31m-24d22h16m:50,10,55,10,55,25
24d06h36m-24d20h58m:25,45,45,45,45,40
24d07h38m-24d21h13m:10,20,10,40,35,40
24d08h35m-24d20h49m:15,10,15,35,18,35
24d09h10m-24d20h42m:15,40,27,40
24d10h30m-24d21h38m:60,10,60,25
24d11h23m-24d21h08m:15,25,15,30,20,30,20,35,30,35,30,40
25d00h18m-25d22h44m:25,25,30,25,30,30,35,30
25d01h27m-25d23h59m:15,03,22,03,22,08,37,08,37,12
25d02h50m-25d22h52m:42,08,42,15,47,15,47,27,55,27
25d03h57m-25d21h28m:17,15,25,15
25d05h19m-25d21h02m:50,10,55,10,55,25
25d06h23m-25d20h25m:10,20,10,40,35,40
25d07h42m-25d23h59m:05,20,05,35
25d08h29m-25d21h29m:15,10,15,35,18,35
25d09h48m-25d21h09m:08,03,08,23,20,23
25d11h01m-25d22h45m:57,30,57,45
26d00h27m-26d23h59m:15,25,15,30,20,30,20,35,30,35,30,40
26d01h33m-26d20h21m:15,03,22,03,22,08,37,08,37,12
26d02h26m-26d21h58m:42,08,42,15,47,15,47,27,55,27
26d03h37m-26d22h37m:67,37,67,22
26d04h41m-26d22h34m:17,15,25,15
26d05h25m-26d20h38m:50,10,55,10,55,25
26d06h37m-26d20h42m:25,45,45,45,45,40
26d07h43m-26d20h31m:05,20,05,35
26d09h11m-26d21h33m:15,10,15,35,18,35
26d10h10m-26d22h32m:15,40,27,40
26d11h11m-26d20h20m:60,10,60,25
27d00h00m-27d21h16m:57,30,57,45
27d01h42m-27d23h59m:15,25,15,30,20,30,20,35,30,35,30,40
27d03h19m-27d20h24m:25,25,30,25,30,30,35,30
27d04h35m-27d23h59m:42,08,42,15,47,15,47,27,55,27
27d05h58m-27d20h17m:67,37,67,22
27d06h50m-27d22h53m:50,10,55,10,55,25
27d08h15m-27d20h05m:25,45,45,45,45,40
27d09h41m-27d21h33m:05,20,05,35
27d10h43m-27d22h42m:15,10,15,35,18,35
28d00h27m-28d21h13m:15,40,27,40
28d01h14m-28d22h17m:08,03,08,23,20,23
28d02h28m-28d22h02m:57,30,57,45
28d03h57m-28d22h02m:25,25,30,25,30,30,35,30
28d04h53m-28d21h28m:42,08,42,15,47,15,47,27,55,27
28d06h00m-28d20h56m:17,15,25,15
28d07h42m-28d20h19m:25,45,45,45,45,40
28d08h35m-28d22h15m:05,20,05,35
28d09h36m-28d20h44m:15,10,15,35,18,35
28d11h17m-28d22h17m:08,03,08,23,20,23
