01d00h13m-01d21h27m:05,20,05,35
01d00h54m-01d21h36m:15,10,15,35,18,35
01d01h46m-01d20h13m:08,03,08,23,20,23
01d02h36m-01d21h12m:60,10,60,25
01d03h30m-01d21h16m:15,25,15,30,20,30,20,35,30,35,30,40
01d04h22m-01d22h38m:25,25,30,25,30,30,35,30
01d05h10m-01d20h47m:42,08,42,15,47,15,47,27,55,27
01d06h21m-01d20h01m:67,37,67,22
01d07h09m-01d20h39m:17,15,25,15
01d07h49m-01d21h23m:25,45,45,45,45,40
01d08h40m-01d21h43m:05,20,05,35
01d09h31m-01d21h21m:15,10,15,35,18,35
01d10h21m-01d21h10m:08,03,08,23,20,23
01d11h12m-01d21h42m:60,10,60,25
02d00h27m-02d23h59m:57,30,57,45
02d01h51m-02d22h53m:25,25,30,25,30,30,35,30
02d03h30m-02d23h59m:15,03,22,03,22,08,37,08,37,12
02d04h33m-02d20h12m:42,08,42,15,47,15,47,27,55,27
02d06h37m-02d20h23m:67,37,67,22
02d07h39m-02d22h47m:17,15,25,15
02d09h43m-02d20h56m:25,45,45,45,45,40
02d10h55m-02d20h24m:05,20,05,35
03d00h26m-03d22h35m:15,10,15,35,18,35
03d01h26m-03d22h20m:15,40,27,40
03d02h28m-03d22h20m:60,10,60,25
03d03h44m-03d23h59m:15,25,15,30,20,30,20,35,30,35,30,40
03d04h56m-03d21h50m:25,25,30,25,30,30,35,30
03d06h27m-03d23h59m:15,03,22,03,22,08,37,08,37,12
03d07h19m-03d22h25m:67,37,67,22
03d08h42m-03d23h59m:17,15,25,15
03d09h46m-03d21h02m:25,45,45,45,45,40
03d11h10m-03d23h59m:05,20,05,35
04d00h17m-04d22h35m:15,10,15,35,18,35
04d01h09m-04d22h08m:15,40,27,40
04d02h03m-04d21h39m:60,10,60,25
04d03h08m-04d21h17m:57,30,57,45
04d03h54m-04d21h35m:25,25,30,25,30,30,35,30
04d04h40m-04d20h32m:15,03,22,03,22,08,37,08,37,12
04d05h46m-04d23h59m:67,37,67,22
04d06h50m-04d20h22m:50,10,55,10,55,25
04d07h21m-04d23h59m:25,45,45,45,45,40
04d08h36m-04d23h59m:10,20,10,40,35,40
04d09h28m-04d22h45m:05,20,05,35
04d10h32m-04d21h29m:15,40,27,40
04d11h23m-04d22h34m:08,03,08,23,20,23
05d00h27m-05d21h58m:60,10,60,25
05d01h22m-05d21h26m:15,25,15,30,20,30,20,35,30,35,30,40
05d02h42m-05d21h08m:25,25,30,25,30,30,35,30
05d03h31m-05d22h25m:42,08,42,15,47,15,47,27,55,27
05d04h24m-05d20h23m:67,37,67,22
05d05h57m-05d22h10m:50,10,55,10,55,25
05d06h52m-05d20h44m:25,45,45,45,45,40
05d07h50m-05d22h46m:05,20,05,35
05d08h55m-05d21h55m:15,40,27,40
05d09h59m-05d23h59m:08,03,08,23,20,23
05d11h19m-05d23h59m:60,10,60,25
06d00h00m-06d20h00m:15,25,15,30,20,30,20,35,30,35,30,40
06d01h06m-06d21h32m:15,03,22,03,22,08,37,08,37,12
06d01h48m-06d23h59m:42,08,42,15,47,15,47,27,55,27
06d02h36m-06d22h35m:67,37,67,22
06d03h44m-06d21h12m:17,15,25,15
06d04h33m-06d21h24m:50,10,55,10,55,25
06d05h16m-06d22h21m:25,45,45,45,45,40
06d06h10m-06d21h34m:10,20,10,40,35,40
06d06h56m-06d20h17m:05,20,05,35
06d08h01m-06d21h07m:15,40,27,40
06d08h38m-06d23h59m:60,10,60,25
06d09h42m-06d23h59m:57,30,57,45
06d10h15m-06d20h31m:25,25,30,25,30,30,35,30
06d11h22m-06d22h42m:42,08,42,15,47,15,47,27,55,27
07d00h24m-07d21h44m:17,15,25,15
07d01h34m-07d23h59m:25,45,45,45,45,40
07d03h03m-07d22h58m:05,20,05,35
07d04h02m-07d22h21m:15,40,27,40
07d05h49m-07d21h22m:60,10,60,25
07d07h16m-07d23h59m:15,25,15,30,20,30,20,35,30,35,30,40
07d08h25m-07d20h46m:15,03,22,03,22,08,37,08,37,12
07d09h55m-07d21h29m:42,08,42,15,47,15,47,27,55,27
07d10h45m-07d22h05m:67,37,67,22
08d00h20m-08d22h05m:50,10,55,10,55,25
08d01h24m-08d22h04m:10,20,10,40,35,40
08d02h57m-08d23h59m:15,10,15,35,18,35
08d04h13m-08d21h12m:08,03,08,23,20,23
08d05h56m-08d22h34m:60,10,60,25
08d07h09m-08d20h38m:57,30,57,45
08d08h35m-08d20h19m:25,25,30,25,30,30,35,30
08d09h40m-08d21h00m:42,08,42,15,47,15,47,27,55,27
08d11h01m-08d22h27m:67,37,67,22
09d00h15m-09d20h24m:17,15,25,15
09d02h03m-09d20h19m:25,45,45,45,45,40
09d03h05m-09d21h16m:05,20,05,35
09d05h12m-09d22h03m:15,10,15,35,18,35
09d06h03m-09d21h00m:15,40,27,40
09d08h08m-09d22h29m:08,03,08,23,20,23
09d09h30m-09d21h35m:57,30,57,45
09d10h33m-09d22h40m:15,25,15,30,20,30,20,35,30,35,30,40
10d00h06m-10d22h08m:15,03,22,03,22,08,37,08,37,12
10d01h33m-10d23h59m:42,08,42,15,47,15,47,27,55,27
10d03h24m-10d23h59m:67,37,67,22
10d04h34m-10d23h59m:17,15,25,15
10d06h37m-10d21h14m:50,10,55,10,55,25
10d07h50m-10d21h58m:10,20,10,40,35,40
10d09h39m-10d21h16m:15,10,15,35,18,35
10d10h31m-10d21h46m:15,40,27,40
11d00h01m-11d22h55m:60,10,60,25
11d00h54m-11d22h33m:57,30,57,45
11d02h00m-11d23h59m:25,25,30,25,30,30,35,30
11d02h37m-11d22h53m:42,08,42,15,47,15,47,27,55,27
11d03h25m-11d21h11m:17,15,25,15
11d04h35m-11d21h47m:25,45,45,45,45,40
11d05h08m-11d21h57m:10,20,10,40,35,40
11d06h15m-11d23h59m:05,20,05,35
11d07h00m-11d20h01m:15,40,27,40
11d07h40m-11d22h59m:60,10,60,25
11d08h38m-11d20h30m:15,25,15,30,20,30,20,35,30,35,30,40
11d09h22m-11d22h37m:15,03,22,03,22,08,37,08,37,12
11d10h27m-11d21h46m:67,37,67,22
11d11h04m-11d21h57m:50,10,55,10,55,25
12d00h07m-12d22h45m:25,45,45,45,45,40
12d01h53m-12d21h03m:05,20,05,35
12d03h14m-12d20h41m:15,10,15,35,18,35
12d04h33m-12d22h21m:15,40,27,40
12d05h35m-12d22h04m:08,03,08,23,20,23
12d06h41m-12d21h08m:60,10,60,25
12d08h08m-12d20h42m:15,25,15,30,20,30,20,35,30,35,30,40
12d09h40m-12d22h04m:25,25,30,25,30,30,35,30
12d11h06m-12d21h37m:15,03,22,03,22,08,37,08,37,12
13d00h10m-13d23h59m:67,37,67,22
13d01h46m-13d23h59m:17,15,25,15
13d03h10m-13d21h20m:50,10,55,10,55,25
13d04h31m-13d21h16m:10,20,10,40,35,40
13d06h24m-13d20h46m:05,20,05,35
13d08h12m-13d21h54m:15,40,27,40
13d09h00m-13d21h26m:60,10,60,25
13d10h35m-13d20h38m:15,25,15,30,20,30,20,35,30,35,30,40
14d00h06m-14d22h53m:25,25,30,25,30,30,35,30
14d00h55m-14d23h59m:15,03,22,03,22,08,37,08,37,12
14d01h51m-14d21h33m:42,08,42,15,47,15,47,27,55,27
14d02h49m-14d23h59m:17,15,25,15
14d03h27m-14d20h37m:25,45,45,45,45,40
14d04h15m-14d20h20m:05,20,05,35
14d05h13m-14d22h22m:15,10,15,35,18,35
14d06h05m-14d22h40m:08,03,08,23,20,23
14d06h49m-14d22h14m:60,10,60,25
14d07h55m-14d23h59m:57,30,57,45
14d08h32m-14d21h35m:25,25,30,25,30,30,35,30
14d09h46m-14d20h11m:42,08,42,15,47,15,47,27,55,27
14d10h21m-14d22h59m:67,37,67,22
14d11h12m-14d20h04m:17,15,25,15
15d00h01m-15d21h29m:25,45,45,45,45,40
15d01h10m-15d22h20m:10,20,10,40,35,40
15d02h18m-15d20h04m:15,10,15,35,18,35
15d03h43m-15d20h22m:08,03,08,23,20,23
15d04h38m-15d22h47m:60,10,60,25
15d05h55m-15d20h21m:57,30,57,45
15d07h02m-15d23h59m:25,25,30,25,30,30,35,30
15d08h05m-15d23h59m:15,03,22,03,22,08,37,08,37,12
15d08h55m-15d20h42m:67,37,67,22
15d09h57m-15d21h32m:50,10,55,10,55,25
15d11h18m-15d22h12m:10,20,10,40,35,40
16d00h18m-16d20h29m:05,20,05,35
16d01h08m-16d20h47m:15,40,27,40
16d02h21m-16d23h59m:60,10,60,25
16d03h43m-16d21h17m:57,30,57,45
16d04h25m-16d22h21m:25,25,30,25,30,30,35,30
16d05h54m-16d20h24m:15,03,22,03,22,08,37,08,37,12
16d06h42m-16d22h59m:42,08,42,15,47,15,47,27,55,27
16d07h47m-16d23h59m:67,37,67,22
16d08h50m-16d20h55m:50,10,55,10,55,25
16d10h17m-16d22h26m:25,45,45,45,45,40
16d11h07m-16d22h52m:10,20,10,40,35,40
17d00h24m-17d20h09m:15,10,15,35,18,35
17d01h32m-17d21h13m:08,03,08,23,20,23
17d03h17m-17d22h03m:57,30,57,45
17d04h38m-17d23h59m:25,25,30,25,30,30,35,30
17d05h30m-17d20h39m:15,03,22,03,22,08,37,08,37,12
17d07h03m-17d21h26m:42,08,42,15,47,15,47,27,55,27
17d08h39m-17d20h34m:17,15,25,15
17d09h46m-17d22h56m:25,45,45,45,45,40
17d11h05m-17d21h41m:05,20,05,35
18d00h20m-18d22h46m:15,10,15,35,18,35
18d01h22m-18d21h46m:15,40,27,40
18d02h50m-18d23h59m:08,03,08,23,20,23
18d03h57m-18d22h55m:57,30,57,45
18d04h51m-18d20h43m:25,25,30,25,30,30,35,30
18d06h09m-18d20h44m:42,08,42,15,47,15,47,27,55,27
18d07h40m-18d21h14m:17,15,25,15
18d08h35m-18d22h28m:25,45,45,45,45,40
18d10h10m-18d21h06m:05,20,05,35
18d10h50m-18d23h59m:15,10,15,35,18,35
19d00h15m-19d21h36m:15,40,27,40
19d01h37m-19d20h51m:08,03,08,23,20,23
19d02h14m-19d21h18m:60,10,60,25
19d03h29m-19d22h07m:15,25,15,30,20,30,20,35,30,35,30,40
19d04h36m-19d23h59m:15,03,22,03,22,08,37,08,37,12
19d05h37m-19d20h32m:67,37,67,22
19d06h44m-19d21h39m:50,10,55,10,55,25
19d07h44m-19d21h27m:25,45,45,45,45,40
19d08h57m-19d22h06m:05,20,05,35
19d09h52m-19d22h43m:15,10,15,35,18,35
19d11h03m-19d22h26m:08,03,08,23,20,23
20d00h23m-20d20h18m:60,10,60,25
20d01h20m-20d20h23m:15,25,15,30,20,30,20,35,30,35,30,40
20d02h51m-20d21h11m:15,03,22,03,22,08,37,08,37,12
20d03h41m-20d20h13m:67,37,67,22
20d05h07m-20d23h59m:17,15,25,15
20d06h31m-20d22h08m:25,45,45,45,45,40
20d07h44m-20d22h00m:10,20,10,40,35,40
20d08h54m-20d21h00m:05,20,05,35
20d09h37m-20d20h28m:15,10,15,35,18,35
20d11h13m-20d22h49m:15,40,27,40
21d00h18m-21d20h57m:08,03,08,23,20,23
21d01h01m-21d20h46m:60,10,60,25
21d01h54m-21d21h11m:57,30,57,45
21d03h02m-21d20h06m:15,25,15,30,20,30,20,35,30,35,30,40
21d04h04m-21d21h11m:15,03,22,03,22,08,37,08,37,12
21d04h42m-21d23h59m:42,08,42,15,47,15,47,27,55,27
21d05h44m-21d23h59m:17,15,25,15
21d06h39m-21d22h21m:25,45,45,45,45,40
21d07h38m-21d20h42m:05,20,05,35
21d08h30m-21d22h40m:15,40,27,40
21d09h29m-21d22h18m:60,10,60,25
21d10h30m-21d20h17m:57,30,57,45
21d11h24m-21d23h59m:15,25,15,30,20,30,20,35,30,35,30,40
22d00h19m-22d21h49m:15,03,22,03,22,08,37,08,37,12
22d01h31m-22d23h59m:42,08,42,15,47,15,47,27,55,27
22d02h25m-22d23h59m:67,37,67,22
22d03h16m-22d20h50m:17,15,25,15
22d04h26m-22d22h10m:50,10,55,10,55,25
22d05h38m-22d20h15m:10,20,10,40,35,40
22d06h57m-22d20h37m:15,10,15,35,18,35
22d08h00m-22d20h24m:08,03,08,23,20,23
22d09h00m-22d22h36m:60,10,60,25
22d10h11m-22d21h01m:15,25,15,30,20,30,20,35,30,35,30,40
22d10h51m-22d20h05m:15,03,22,03,22,08,37,08,37,12
23d00h10m-23d21h31m:67,37,67,22
23d01h23m-23d22h51m:50,10,55,10,55,25
23d02h19m-23d22h50m:10,20,10,40,35,40
23d03h37m-23d23h59m:05,20,05,35
23d04h49m-23d21h54m:15,10,15,35,18,35
23d05h49m-23d20h01m:08,03,08,23,20,23
23d06h46m-23d20h03m:57,30,57,45
23d07h52m-23d20h28m:25,25,30,25,30,30,35,30
23d09h04m-23d23h59m:15,03,22,03,22,08,37,08,37,12
23d10h00m-23d22h55m:42,08,42,15,47,15,47,27,55,27
23d11h02m-23d21h19m:17,15,25,15
24d00h08m-24d20h53m:25,45,45,45,45,40
24d01h36m-24d21h16m:05,20,05,35
24d03h28m-24d22h21m:15,10,15,35,18,35
24d04h47m-24d22h38m:08,03,08,23,20,23
24d06h35m-24d22h54m:57,30,57,45
24d07h39m-24d22h47m:25,25,30,25,30,30,35,30
24d09h39m-24d22h44m:15,03,22,03,22,08,37,08,37,12
24d10h44m-24d23h59m:42,08,42,15,47,15,47,27,55,27
25d00h00m-25d21h57m:67,37,67,22
25d01h13m-25d22h08m:50,10,55,10,55,25
25d02h10m-25d22h16m:25,45,45,45,45,40
25d02h50m-25d23h59m:10,20,10,40,35,40
25d03h44m-25d21h57m:15,10,15,35,18,35
25d04h46m-25d22h07m:15,40,27,40
25d05h44m-25d20h17m:60,10,60,25
25d06h28m-25d22h20m:57,30,57,45
25d07h38m-25d23h59m:15,25,15,30,20,30,20,35,30,35,30,40
25d08h21m-25d21h42m:25,25,30,25,30,30,35,30
25d09h19m-25d20h39m:42,08,42,15,47,15,47,27,55,27
25d10h08m-25d21h21m:67,37,67,22
25d11h15m-25d21h05m:50,10,55,10,55,25
26d00h32m-26d21h40m:10,20,10,40,35,40
26d01h22m-26d20h02m:05,20,05,35
26d02h43m-26d21h52m:15,40,27,40
26d04h00m-26d21h52m:08,03,08,23,20,23
26d05h11m-26d21h52m:57,30,57,45
26d06h13m-26d23h59m:15,25,15,30,20,30,20,35,30,35,30,40
26d07h43m-26d20h30m:15,03,22,03,22,08,37,08,37,12
26d08h47m-26d20h47m:67,37,67,22
26d10h09m-26d23h59m:17,15,25,15
26d11h08m-26d23h59m:25,45,45,45,45,40
27d00h29m-27d21h32m:05,20,05,35
27d02h09m-27d20h04m:15,40,27,40
27d03h22m-27d21h52m:60,10,60,25
27d04h32m-27d21h33m:57,30,57,45
27d06h37m-27d23h59m:25,25,30,25,30,30,35,30
27d08h05m-27d20h10m:15,03,22,03,22,08,37,08,37,12
27d09h11m-27d20h11m:42,08,42,15,47,15,47,27,55,27
27d11h03m-27d23h59m:67,37,67,22
28d00h22m-28d22h07m:50,10,55,10,55,25
28d00h58m-28d21h22m:25,45,45,45,45,40
28d02h02m-28d21h43m:10,20,10,40,35,40
28d02h51m-28d23h59m:05,20,05,35
28d03h44m-28d23h59m:15,40,27,40
28d04h36m-28d22h23m:08,03,08,23,20,23
28d05h07m-28d20h01m:57,30,57,45
28d06h20m-28d22h42m:25,25,30,25,30,30,35,30
28d07h03m-28d21h09m:15,03,22,03,22,08,37,08,37,12
28d07h52m-28d23h59m:67,37,67,22
28d08h34m-28d23h59m:17,15,25,15
28d09h42m-28d20h38m:50,10,55,10,55,25
28d10h15m-28d20h45m:10,20,10,40,35,40
28d11h09m-28d21h23m:05,20,05,35
