01d00h04m-01d20h03m:15,10,15,35,18,35
01d01h23m-01d23h59m:15,40,27,40
01d02h13m-01d22h12m:60,10,60,25
01d03h10m-01d20h57m:57,30,57,45
01d04h00m-01d23h59m:25,25,30,25,30,30,35,30
01d05h26m-01d20h55m:15,03,22,03,22,08,37,08,37,12
01d06h26m-01d22h42m:42,08,42,15,47,15,47,27,55,27
01d07h04m-01d22h41m:17,15,25,15
01d08h08m-01d23h59m:50,10,55,10,55,25
01d09h02m-01d22h44m:10,20,10,40,35,40
01d10h03m-01d20h12m:15,10,15,35,18,35
01d11h27m-01d22h17m:15,40,27,40
02d00h26m-02d23h59m:60,10,60,25
02d01h24m-02d22h00m:57,30,57,45
02d02h13m-02d23h59m:25,25,30,25,30,30,35,30
02d03h32m-02d22h09m:15,03,22,03,22,08,37,08,37,12
02d04h39m-02d21h29m:42,08,42,15,47,15,47,27,55,27
02d05h45m-02d23h59m:17,15,25,15
02d06h59m-02d22h54m:50,10,55,10,55,25
02d07h57m-02d23h59m:25,45,45,45,45,40
02d08h57m-02d23h59m:05,20,05,35
02d09h53m-02d21h12m:15,40,27,40
02d10h52m-02d20h51m:08,03,08,23,20,23
03d00h05m-03d21h01m:60,10,60,25
03d01h08m-03d20h11m:57,30,57,45
03d01h51m-03d20h13m:25,25,30,25,30,30,35,30
03d02h52m-03d22h51m:42,08,42,15,47,15,47,27,55,27
03d03h48m-03d22h15m:17,15,25,15
03d04h55m-03d22h33m:25,45,45,45,45,40
03d05h36m-03d23h59m:10,20,10,40,35,40
03d06h31m-03d22h55m:15,10,15,35,18,35
03d07h39m-03d23h59m:15,40,27,40
03d08h30m-03d21h30m:08,03,08,23,20,23
03d09h35m-03d22h02m:57,30,57,45
03d10h30m-03d21h42m:25,25,30,25,30,30,35,30
03d11h24m-03d22h37m:15,03,22,03,22,08,37,08,37,12
04d00h02m-04d21h58m:42,08,42,15,47,15,47,27,55,27
04d01h44m-04d22h34m:17,15,25,15
04d03h33m-04d21h09m:50,10,55,10,55,25
04d04h49m-04d22h06m:25,45,45,45,45,40
04d06h21m-04d21h43m:10,20,10,40,35,40
04d07h32m-04d22h55m:05,20,05,35
04d09h40m-04d23h59m:15,10,15,35,18,35
04d10h35m-04d23h59m:15,40,27,40
05d00h00m-05d20h33m:08,03,08,23,20,23
05d02h11m-05d22h59m:57,30,57,45
05d03h30m-05d23h59m:15,25,15,30,20,30,20,35,30,35,30,40
05d04h33m-05d21h09m:25,25,30,25,30,30,35,30
05d06h40m-05d23h59m:15,03,22,03,22,08,37,08,37,12
05d07h51m-05d21h01m:67,37,67,22
05d09h27m-05d20h48m:50,10,55,10,55,25
05d10h49m-05d20h57m:10,20,10,40,35,40
06d00h02m-06d22h54m:15,10,15,35,18,35
06d01h11m-06d20h29m:15,40,27,40
06d02h10m-06d20h15m:60,10,60,25
06d03h21m-06d21h12m:57,30,57,45
06d04h10m-06d21h02m:15,25,15,30,20,30,20,35,30,35,30,40
06d05h19m-06d23h59m:25,25,30,25,30,30,35,30
06d06h04m-06d23h59m:42,08,42,15,47,15,47,27,55,27
06d07h25m-06d23h59m:17,15,25,15
06d08h13m-06d20h17m:25,45,45,45,45,40
06d09h17m-06d23h59m:05,20,05,35
06d10h03m-06d20h34m:15,10,15,35,18,35
06d11h04m-06d20h21m:15,40,27,40
07d00h02m-07d20h26m:60,10,60,25
07d01h53m-07d20h48m:15,25,15,30,20,30,20,35,30,35,30,40
07d02h52m-07d20h26m:15,03,22,03,22,08,37,08,37,12
07d04h01m-07d20h00m:67,37,67,22
07d05h46m-07d23h59m:17,15,25,15
07d06h56m-07d21h50m:25,45,45,45,45,40
07d08h01m-07d20h07m:10,20,10,40,35,40
07d09h42m-07d22h02m:15,10,15,35,18,35
07d11h19m-07d20h14m:08,03,08,23,20,23
08d00h11m-08d22h01m:60,10,60,25
08d01h37m-08d21h55m:57,30,57,45
08d02h31m-08d23h59m:15,25,15,30,20,30,20,35,30,35,30,40
08d04h06m-08d22h24m:25,25,30,25,30,30,35,30
08d04h51m-08d20h28m:42,08,42,15,47,15,47,27,55,27
08d06h29m-08d23h59m:67,37,67,22
08d07h29m-08d21h55m:17,15,25,15
08d08h28m-08d23h59m:50,10,55,10,55,25
08d10h00m-08d20h01m:25,45,45,45,45,40
08d11h03m-08d23h59m:10,20,10,40,35,40
09d00h19m-09d22h02m:15,10,15,35,18,35
09d01h11m-09d21h37m:08,03,08,23,20,23
09d02h29m-09d23h59m:60,10,60,25
09d03h30m-09d21h21m:15,25,15,30,20,30,20,35,30,35,30,40
09d04h34m-09d20h49m:25,25,30,25,30,30,35,30
09d05h30m-09d22h58m:42,08,42,15,47,15,47,27,55,27
09d07h00m-09d22h15m:17,15,25,15
09d07h50m-09d21h30m:50,10,55,10,55,25
09d08h47m-09d20h10m:10,20,10,40,35,40
09d10h03m-09d23h59m:05,20,05,35
09d10h58m-09d22h49m:15,40,27,40
10d00h23m-10d22h26m:08,03,08,23,20,23
10d01h34m-10d20h31m:57,30,57,45
10d03h08m-10d22h19m:15,25,15,30,20,30,20,35,30,35,30,40
10d04h32m-10d20h35m:25,25,30,25,30,30,35,30
10d06h09m-10d21h17m:42,08,42,15,47,15,47,27,55,27
10d07h42m-10d20h46m:67,37,67,22
10d09h22m-10d22h34m:17,15,25,15
10d10h51m-10d20h59m:25,45,45,45,45,40
11d00h15m-11d23h59m:05,20,05,35
11d01h11m-11d23h59m:15,40,27,40
11d02h27m-11d22h09m:08,03,08,23,20,23
11d03h28m-11d23h59m:57,30,57,45
11d04h00m-11d20h43m:25,25,30,25,30,30,35,30
11d05h14m-11d21h46m:42,08,42,15,47,15,47,27,55,27
11d06h07m-11d21h59m:67,37,67,22
11d07h00m-11d22h00m:17,15,25,15
11d08h20m-11d20h24m:50,10,55,10,55,25
11d09h25m-11d23h59m:25,45,45,45,45,40
11d10h02m-11d20h07m:05,20,05,35
11d11h15m-11d23h59m:15,10,15,35,18,35
12d00h24m-12d22h18m:15,40,27,40
12d01h12m-12d22h19m:08,03,08,23,20,23
12d01h47m-12d21h42m:60,10,60,25
12d02h56m-12d23h59m:15,25,15,30,20,30,20,35,30,35,30,40
12d03h43m-12d23h59m:15,03,22,03,22,08,37,08,37,12
12d04h38m-12d22h51m:42,08,42,15,47,15,47,27,55,27
12d05h10m-12d22h28m:17,15,25,15
12d06h09m-12d21h24m:50,10,55,10,55,25
12d06h54m-12d23h59m:10,20,10,40,35,40
12d07h41m-12d22h36m:15,10,15,35,18,35
12d08h46m-12d21h17m:15,40,27,40
12d09h24m-12d21h26m:08,03,08,23,20,23
12d10h21m-12d21h14m:60,10,60,25
12d11h03m-12d20h37m:15,25,15,30,20,30,20,35,30,35,30,40
13d00h14m-13d21h03m:15,03,22,03,22,08,37,08,37,12
13d01h50m-13d22h20m:67,37,67,22
13d03h03m-13d21h34m:17,15,25,15
13d04h35m-13d23h59m:50,10,55,10,55,25
13d06h17m-13d21h27m:10,20,10,40,35,40
13d08h03m-13d23h59m:05,20,05,35
13d09h12m-13d21h52m:15,40,27,40
13d11h02m-13d20h17m:60,10,60,25
14d00h17m-14d20h31m:15,25,15,30,20,30,20,35,30,35,30,40
14d01h52m-14d22h18m:25,25,30,25,30,30,35,30
14d03h25m-14d23h59m:42,08,42,15,47,15,47,27,55,27
14d04h34m-14d20h12m:17,15,25,15
14d06h23m-14d22h50m:50,10,55,10,55,25
14d07h40m-14d22h11m:10,20,10,40,35,40
14d09h43m-14d20h27m:15,10,15,35,18,35
14d10h44m-14d20h50m:08,03,08,23,20,23
15d00h12m-15d23h59m:60,10,60,25
15d01h25m-15d21h57m:57,30,57,45
15d02h38m-15d21h15m:25,25,30,25,30,30,35,30
15d03h24m-15d20h06m:42,08,42,15,47,15,47,27,55,27
15d04h40m-15d22h23m:67,37,67,22
15d05h55m-15d22h34m:50,10,55,10,55,25
15d06h40m-15d22h48m:25,45,45,45,45,40
15d08h06m-15d22h03m:05,20,05,35
15d08h45m-15d22h12m:15,10,15,35,18,35
15d10h09m-15d23h59m:08,03,08,23,20,23
15d11h14m-15d22h10m:57,30,57,45
16d00h05m-16d23h59m:25,25,30,25,30,30,35,30
16d01h50m-16d22h34m:15,03,22,03,22,08,37,08,37,12
16d02h55m-16d21h19m:42,08,42,15,47,15,47,27,55,27
16d04h37m-16d23h59m:17,15,25,15
16d05h22m-16d22h11m:50,10,55,10,55,25
16d07h06m-16d20h51m:25,45,45,45,45,40
16d08h22m-16d23h59m:05,20,05,35
16d09h37m-16d22h35m:15,10,15,35,18,35
16d10h48m-16d22h06m:15,40,27,40
17d00h25m-17d20h04m:60,10,60,25
17d01h18m-17d21h36m:15,25,15,30,20,30,20,35,30,35,30,40
17d02h32m-17d20h25m:25,25,30,25,30,30,35,30
17d03h52m-17d22h31m:15,03,22,03,22,08,37,08,37,12
17d05h05m-17d21h32m:67,37,67,22
17d06h20m-17d20h25m:50,10,55,10,55,25
17d07h38m-17d20h55m:25,45,45,45,45,40
17d08h36m-17d22h43m:05,20,05,35
17d09h47m-17d22h10m:15,40,27,40
17d10h54m-17d22h43m:60,10,60,25
18d00h18m-18d20h02m:57,30,57,45
18d01h31m-18d21h01m:25,25,30,25,30,30,35,30
18d02h20m-18d22h03m:42,08,42,15,47,15,47,27,55,27
18d03h21m-18d20h34m:67,37,67,22
18d04h43m-18d23h59m:17,15,25,15
18d05h46m-18d20h22m:50,10,55,10,55,25
18d06h33m-18d23h59m:25,45,45,45,45,40
18d07h35m-18d21h11m:10,20,10,40,35,40
18d08h49m-18d22h26m:05,20,05,35
18d09h49m-18d23h59m:15,40,27,40
18d11h05m-18d20h11m:08,03,08,23,20,23
19d00h21m-19d22h51m:60,10,60,25
19d01h16m-19d20h43m:57,30,57,45
19d02h15m-19d20h45m:25,25,30,25,30,30,35,30
19d03h44m-19d20h34m:42,08,42,15,47,15,47,27,55,27
19d04h47m-19d22h34m:17,15,25,15
19d05h31m-19d21h28m:50,10,55,10,55,25
19d06h43m-19d20h18m:10,20,10,40,35,40
19d07h55m-19d20h21m:05,20,05,35
19d08h53m-19d22h08m:15,10,15,35,18,35
19d09h46m-19d22h01m:08,03,08,23,20,23
19d10h50m-19d23h59m:57,30,57,45
20d00h09m-20d22h07m:15,25,15,30,20,30,20,35,30,35,30,40
20d01h06m-20d23h59m:15,03,22,03,22,08,37,08,37,12
20d02h17m-20d22h23m:42,08,42,15,47,15,47,27,55,27
20d03h12m-20d20h05m:67,37,67,22
20d03h42m-20d22h22m:17,15,25,15
20d04h48m-20d22h01m:50,10,55,10,55,25
20d05h31m-20d22h57m:10,20,10,40,35,40
20d06h32m-20d20h44m:15,10,15,35,18,35
20d07h32m-20d21h02m:08,03,08,23,20,23
20d08h22m-20d20h24m:60,10,60,25
20d09h30m-20d23h59m:57,30,57,45
20d10h17m-20d23h59m:25,25,30,25,30,30,35,30
20d11h01m-20d22h08m:42,08,42,15,47,15,47,27,55,27
21d00h12m-21d22h11m:17,15,25,15
21d01h48m-21d21h09m:50,10,55,10,55,25
21d03h07m-21d21h27m:25,45,45,45,45,40
21d04h34m-21d22h43m:05,20,05,35
21d06h39m-21d22h32m:15,40,27,40
21d08h09m-21d23h59m:60,10,60,25
21d09h20m-21d21h59m:57,30,57,45
21d10h46m-21d21h11m:25,25,30,25,30,30,35,30
22d00h00m-22d21h57m:15,03,22,03,22,08,37,08,37,12
22d01h34m-22d22h21m:42,08,42,15,47,15,47,27,55,27
22d02h51m-22d22h49m:67,37,67,22
22d03h58m-22d20h20m:50,10,55,10,55,25
22d05h23m-22d21h21m:25,45,45,45,45,40
22d06h34m-22d23h59m:05,20,05,35
22d07h37m-22d23h59m:15,10,15,35,18,35
22d08h31m-22d20h06m:08,03,08,23,20,23
22d10h02m-22d22h33m:57,30,57,45
22d11h10m-22d20h50m:15,25,15,30,20,30,20,35,30,35,30,40
23d00h18m-23d20h55m:15,03,22,03,22,08,37,08,37,12
23d01h14m-23d22h49m:67,37,67,22
23d02h03m-23d20h38m:17,15,25,15
23d02h56m-23d21h42m:25,45,45,45,45,40
23d03h36m-23d20h08m:05,20,05,35
23d04h20m-23d21h19m:15,40,27,40
23d05h20m-23d22h15m:60,10,60,25
23d06h22m-23d23h59m:57,30,57,45
23d07h07m-23d22h12m:25,25,30,25,30,30,35,30
23d08h01m-23d22h28m:15,03,22,03,22,08,37,08,37,12
23d08h30m-23d20h55m:67,37,67,22
23d09h40m-23d22h40m:17,15,25,15
23d10h13m-23d20h10m:25,45,45,45,45,40
23d11h22m-23d22h09m:05,20,05,35
24d00h29m-24d23h59m:15,10,15,35,18,35
24d01h28m-24d22h37m:08,03,08,23,20,23
24d02h43m-24d22h43m:57,30,57,45
24d04h04m-24d20h50m:25,25,30,25,30,30,35,30
24d04h52m-24d22h47m:15,03,22,03,22,08,37,08,37,12
24d06h16m-24d20h20m:67,37,67,22
24d07h19m-24d22h55m:17,15,25,15
24d08h52m-24d21h32m:25,45,45,45,45,40
24d09h36m-24d21h27m:10,20,10,40,35,40
24d11h05m-24d21h57m:05,20,05,35
25d00h22m-25d23h59m:15,40,27,40
25d01h15m-25d22h07m:08,03,08,23,20,23
25d02h12m-25d20h41m:60,10,60,25
25d02h47m-25d23h59m:57,30,57,45
25d03h48m-25d20h57m:15,25,15,30,20,30,20,35,30,35,30,40
25d04h36m-25d23h59m:15,03,22,03,22,08,37,08,37,12
25d05h43m-25d20h00m:42,08,42,15,47,15,47,27,55,27
25d06h42m-25d23h59m:17,15,25,15
25d07h26m-25d20h34m:25,45,45,45,45,40
25d08h30m-25d20h04m:05,20,05,35
25d09h21m-25d20h26m:15,40,27,40
25d10h10m-25d22h39m:60,10,60,25
25d11h23m-25d20h30m:15,25,15,30,20,30,20,35,30,35,30,40
26d00h08m-26d20h04m:25,25,30,25,30,30,35,30
26d01h09m-26d20h40m:15,03,22,03,22,08,37,08,37,12
26d01h53m-26d21h57m:42,08,42,15,47,15,47,27,55,27
26d02h59m-26d21h42m:67,37,67,22
26d03h58m-26d22h18m:17,15,25,15
26d04h45m-26d23h59m:50,10,55,10,55,25
26d05h34m-26d21h03m:10,20,10,40,35,40
26d06h51m-26d20h19m:05,20,05,35
26d07h44m-26d22h30m:15,40,27,40
26d08h31m-26d23h59m:60,10,60,25
26d09h29m-26d23h59m:57,30,57,45
26d10h08m-26d22h56m:15,25,15,30,20,30,20,35,30,35,30,40
26d11h11m-26d21h53m:15,03,22,03,22,08,37,08,37,12
27d00h11m-27d20h58m:67,37,67,22
27d01h11m-27d20h11m:17,15,25,15
27d01h58m-27d21h16m:50,10,55,10,55,25
27d03h03m-27d20h43m:10,20,10,40,35,40
27d03h56m-27d23h59m:05,20,05,35
27d04h42m-27d20h40m:15,10,15,35,18,35
27d05h57m-27d22h58m:08,03,08,23,20,23
27d06h34m-27d20h06m:60,10,60,25
27d07h43m-27d21h57m:15,25,15,30,20,30,20,35,30,35,30,40
27d08h16m-27d23h59m:15,03,22,03,22,08,37,08,37,12
27d09h26m-27d22h35m:67,37,67,22
27d10h18m-27d21h49m:17,15,25,15
27d11h10m-27d23h59m:25,45,45,45,45,40
28d00h22m-28d22h39m:05,20,05,35
28d01h57m-28d20h36m:15,10,15,35,18,35
28d03h04m-28d20h35m:08,03,08,23,20,23
28d04h38m-28d21h34m:57,30,57,45
28d05h30m-28d21h10m:25,25,30,25,30,30,35,30
28d06h40m-28d21h31m:15,03,22,03,22,08,37,08,37,12
28d08h02m-28d20h31m:42,08,42,15,47,15,47,27,55,27
28d09h26m-28d22h23m:17,15,25,15
28d11h17m-28d23h59m:25,45,45,45,45,40
