01d00h24m-01d23h59m:15,10,15,35,18,35
01d02h12m-01d22h42m:08,03,08,23,20,23
01d03h04m-01d21h32m:60,10,60,25
01d05h07m-01d21h44m:57,30,57,45
01d06h19m-01d20h33m:15,25,15,30,20,30,20,35,30,35,30,40
01d07h43m-01d20h25m:25,25,30,25,30,30,35,30
01d09h31m-01d20h36m:42,08,42,15,47,15,47,27,55,27
01d10h57m-01d22h37m:67,37,67,22
02d00h33m-02d23h59m:50,10,55,10,55,25
02d01h21m-02d21h11m:25,45,45,45,45,40
02d02h41m-02d22h32m:10,20,10,40,35,40
02d03h39m-02d22h50m:15,10,15,35,18,35
02d04h52m-02d23h59m:08,03,08,23,20,23
02d06h17m-02d23h59m:60,10,60,25
02d07h22m-02d23h59m:15,25,15,30,20,30,20,35,30,35,30,40
02d08h58m-02d22h09m:15,03,22,03,22,08,37,08,37,12
02d10h02m-02d22h36m:42,08,42,15,47,15,47,27,55,27
02d11h04m-02d23h59m:67,37,67,22
03d00h12m-03d23h59m:17,15,25,15
03d01h15m-03d23h59m:50,10,55,10,55,25
03d02h12m-03d22h50m:25,45,45,45,45,40
03d03h25m-03d23h59m:05,20,05,35
03d04h09m-03d20h25m:15,40,27,40
03d05h17m-03d23h59m:60,10,60,25
03d06h11m-03d21h51m:15,25,15,30,20,30,20,35,30,35,30,40
03d07h21m-03d22h48m:15,03,22,03,22,08,37,08,37,12
03d08h22m-03d22h41m:67,37,67,22
03d09h11m-03d23h59m:50,10,55,10,55,25
03d10h07m-03d23h59m:10,20,10,40,35,40
03d11h14m-03d23h59m:05,20,05,35
04d00h04m-04d22h46m:15,10,15,35,18,35
04d01h30m-04d20h55m:08,03,08,23,20,23
04d02h24m-04d22h37m:57,30,57,45
04d03h44m-04d21h57m:15,25,15,30,20,30,20,35,30,35,30,40
04d04h46m-04d22h59m:25,25,30,25,30,30,35,30
04d05h55m-04d21h30m:15,03,22,03,22,08,37,08,37,12
04d06h38m-04d22h15m:67,37,67,22
04d07h55m-04d23h59m:17,15,25,15
04d08h59m-04d22h18m:25,45,45,45,45,40
04d09h56m-04d22h20m:05,20,05,35
04d11h21m-04d23h59m:15,40,27,40
05d00h34m-05d22h20m:60,10,60,25
05d01h55m-05d23h59m:57,30,57,45
05d03h35m-05d21h58m:15,25,15,30,20,30,20,35,30,35,30,40
05d05h14m-05d20h58m:15,03,22,03,22,08,37,08,37,12
05d06h39m-05d22h28m:67,37,67,22
05d07h49m-05d22h07m:17,15,25,15
05d09h11m-05d21h01m:25,45,45,45,45,40
05d10h40m-05d21h24m:05,20,05,35
06d00h07m-06d22h32m:15,10,15,35,18,35
06d01h36m-06d22h42m:15,40,27,40
06d03h07m-06d21h17m:60,10,60,25
06d04h47m-06d20h34m:15,25,15,30,20,30,20,35,30,35,30,40
06d06h42m-06d20h31m:15,03,22,03,22,08,37,08,37,12
06d07h34m-06d22h50m:67,37,67,22
06d09h36m-06d21h17m:50,10,55,10,55,25
06d10h56m-06d20h32m:25,45,45,45,45,40
07d00h12m-07d21h56m:05,20,05,35
07d01h15m-07d21h31m:15,10,15,35,18,35
07d02h29m-07d20h57m:15,40,27,40
07d03h15m-07d23h59m:60,10,60,25
07d04h20m-07d22h19m:57,30,57,45
07d05h25m-07d21h38m:15,25,15,30,20,30,20,35,30,35,30,40
07d06h00m-07d21h24m:25,25,30,25,30,30,35,30
07d07h01m-07d20h48m:42,08,42,15,47,15,47,27,55,27
07d08h20m-07d20h15m:67,37,67,22
07d09h22m-07d20h05m:50,10,55,10,55,25
07d10h18m-07d23h59m:10,20,10,40,35,40
07d11h14m-07d22h33m:15,10,15,35,18,35
08d00h30m-08d23h59m:15,40,27,40
08d01h51m-08d20h19m:60,10,60,25
08d03h44m-08d20h01m:57,30,57,45
08d04h48m-08d21h50m:15,25,15,30,20,30,20,35,30,35,30,40
08d06h12m-08d20h43m:15,03,22,03,22,08,37,08,37,12
08d07h38m-08d22h35m:42,08,42,15,47,15,47,27,55,27
08d09h29m-08d21h28m:17,15,25,15
08d11h12m-08d21h01m:50,10,55,10,55,25
09d00h20m-09d22h23m:10,20,10,40,35,40
09d01h31m-09d20h58m:15,10,15,35,18,35
09d02h24m-09d21h28m:15,40,27,40
09d03h35m-09d21h54m:60,10,60,25
09d04h39m-09d20h34m:15,25,15,30,20,30,20,35,30,35,30,40
09d05h32m-09d20h14m:25,25,30,25,30,30,35,30
09d06h30m-09d23h59m:42,08,42,15,47,15,47,27,55,27
09d07h52m-09d22h19m:67,37,67,22
09d09h03m-09d21h45m:17,15,25,15
09d10h15m-09d23h59m:50,10,55,10,55,25
09d11h07m-09d20h25m:25,45,45,45,45,40
10d00h07m-10d21h38m:10,20,10,40,35,40
10d01h51m-10d22h17m:05,20,05,35
10d03h07m-10d23h59m:15,40,27,40
10d04h30m-10d22h49m:60,10,60,25
10d05h41m-10d20h54m:57,30,57,45
10d06h40m-10d20h56m:15,25,15,30,20,30,20,35,30,35,30,40
10d08h21m-10d20h56m:25,25,30,25,30,30,35,30
10d09h37m-10d23h59m:15,03,22,03,22,08,37,08,37,12
10d11h13m-10d22h05m:67,37,67,22
11d00h12m-11d20h01m:50,10,55,10,55,25
11d01h07m-11d23h59m:25,45,45,45,45,40
11d02h01m-11d21h56m:10,20,10,40,35,40
11d03h11m-11d23h59m:05,20,05,35
11d03h58m-11d23h59m:15,40,27,40
11d04h58m-11d21h23m:08,03,08,23,20,23
11d05h45m-11d21h12m:57,30,57,45
11d06h29m-11d22h44m:15,25,15,30,20,30,20,35,30,35,30,40
11d07h22m-11d23h59m:15,03,22,03,22,08,37,08,37,12
11d08h41m-11d22h28m:67,37,67,22
11d09h27m-11d21h15m:17,15,25,15
11d10h13m-11d21h02m:50,10,55,10,55,25
11d11h16m-11d22h35m:25,45,45,45,45,40
12d00h35m-12d22h16m:05,20,05,35
12d01h38m-12d21h01m:15,40,27,40
12d02h46m-12d21h16m:60,10,60,25
12d04h09m-12d22h22m:57,30,57,45
12d05h20m-12d20h13m:15,25,15,30,20,30,20,35,30,35,30,40
12d06h53m-12d21h44m:25,25,30,25,30,30,35,30
12d08h08m-12d20h04m:15,03,22,03,22,08,37,08,37,12
12d09h24m-12d20h45m:42,08,42,15,47,15,47,27,55,27
12d11h05m-12d22h04m:67,37,67,22
13d00h21m-13d22h30m:50,10,55,10,55,25
13d02h03m-13d23h59m:10,20,10,40,35,40
13d03h30m-13d20h21m:05,20,05,35
13d05h07m-13d21h10m:15,10,15,35,18,35
13d06h36m-13d22h56m:08,03,08,23,20,23
13d07h35m-13d21h05m:60,10,60,25
13d09h20m-13d23h59m:15,25,15,30,20,30,20,35,30,35,30,40
13d11h01m-13d21h58m:25,25,30,25,30,30,35,30
14d00h10m-14d23h59m:42,08,42,15,47,15,47,27,55,27
14d01h04m-14d23h59m:17,15,25,15
14d01h51m-14d22h02m:50,10,55,10,55,25
14d02h49m-14d22h00m:25,45,45,45,45,40
14d03h57m-14d22h41m:05,20,05,35
14d04h35m-14d21h38m:15,10,15,35,18,35
14d05h30m-14d20h53m:08,03,08,23,20,23
14d06h39m-14d20h07m:57,30,57,45
14d07h23m-14d22h29m:25,25,30,25,30,30,35,30
14d08h27m-14d21h08m:15,03,22,03,22,08,37,08,37,12
14d09h37m-14d20h36m:42,08,42,15,47,15,47,27,55,27
14d10h31m-14d23h59m:67,37,67,22
14d11h16m-14d23h59m:50,10,55,10,55,25
15d00h06m-15d20h00m:10,20,10,40,35,40
15d01h27m-15d20h59m:15,10,15,35,18,35
15d02h02m-15d21h51m:15,40,27,40
15d03h07m-15d20h03m:08,03,08,23,20,23
15d04h09m-15d22h31m:60,10,60,25
15d05h29m-15d20h17m:57,30,57,45
15d06h12m-15d22h02m:15,25,15,30,20,30,20,35,30,35,30,40
15d07h00m-15d22h55m:15,03,22,03,22,08,37,08,37,12
15d08h22m-15d22h55m:42,08,42,15,47,15,47,27,55,27
15d09h24m-15d23h59m:17,15,25,15
15d10h04m-15d22h39m:50,10,55,10,55,25
15d11h28m-15d20h08m:25,45,45,45,45,40
16d00h17m-16d23h59m:05,20,05,35
16d01h58m-16d21h46m:15,10,15,35,18,35
16d02h49m-16d23h59m:15,40,27,40
16d04h01m-16d22h51m:08,03,08,23,20,23
16d05h37m-16d22h03m:57,30,57,45
16d06h45m-16d21h51m:25,25,30,25,30,30,35,30
16d08h27m-16d21h59m:15,03,22,03,22,08,37,08,37,12
16d09h59m-16d20h18m:67,37,67,22
16d11h12m-16d20h46m:17,15,25,15
17d00h13m-17d21h50m:25,45,45,45,45,40
17d01h38m-17d22h54m:10,20,10,40,35,40
17d03h26m-17d22h22m:15,10,15,35,18,35
17d04h40m-17d21h01m:08,03,08,23,20,23
17d06h14m-17d22h46m:60,10,60,25
17d08h14m-17d20h15m:15,25,15,30,20,30,20,35,30,35,30,40
17d09h20m-17d22h28m:15,03,22,03,22,08,37,08,37,12
17d10h59m-17d21h00m:67,37,67,22
18d00h25m-18d20h28m:50,10,55,10,55,25
18d02h12m-18d23h59m:10,20,10,40,35,40
18d03h42m-18d22h42m:15,10,15,35,18,35
18d05h07m-18d22h45m:08,03,08,23,20,23
18d06h06m-18d23h59m:60,10,60,25
18d08h02m-18d23h59m:57,30,57,45
18d09h20m-18d21h41m:15,25,15,30,20,30,20,35,30,35,30,40
18d11h14m-18d20h39m:25,25,30,25,30,30,35,30
19d00h17m-19d22h37m:42,08,42,15,47,15,47,27,55,27
19d01h09m-19d20h02m:67,37,67,22
19d02h06m-19d22h15m:50,10,55,10,55,25
19d02h58m-19d23h59m:25,45,45,45,45,40
19d03h46m-19d22h38m:05,20,05,35
19d04h40m-19d23h59m:15,10,15,35,18,35
19d05h47m-19d22h51m:15,40,27,40
19d06h35m-19d20h24m:08,03,08,23,20,23
19d07h44m-19d23h59m:60,10,60,25
19d08h41m-19d20h28m:57,30,57,45
19d09h35m-19d23h59m:15,25,15,30,20,30,20,35,30,35,30,40
19d10h11m-19d20h42m:25,25,30,25,30,30,35,30
19d11h10m-19d21h48m:42,08,42,15,47,15,47,27,55,27
20d00h03m-20d22h01m:67,37,67,22
20d01h20m-20d20h42m:17,15,25,15
20d01h58m-20d22h55m:25,45,45,45,45,40
20d03h08m-20d21h08m:10,20,10,40,35,40
20d04h03m-20d23h59m:15,10,15,35,18,35
20d04h44m-20d22h29m:15,40,27,40
20d05h55m-20d21h21m:60,10,60,25
20d06h49m-20d23h59m:57,30,57,45
20d07h36m-20d21h17m:25,25,30,25,30,30,35,30
20d08h22m-20d20h10m:15,03,22,03,22,08,37,08,37,12
20d09h25m-20d23h59m:42,08,42,15,47,15,47,27,55,27
20d10h20m-20d20h26m:17,15,25,15
20d11h20m-20d23h59m:50,10,55,10,55,25
21d00h05m-21d23h59m:10,20,10,40,35,40
21d01h03m-21d21h02m:05,20,05,35
21d02h04m-21d23h59m:15,10,15,35,18,35
21d03h06m-21d23h59m:08,03,08,23,20,23
21d04h10m-21d21h50m:57,30,57,45
21d05h19m-21d23h59m:25,25,30,25,30,30,35,30
21d06h10m-21d23h59m:42,08,42,15,47,15,47,27,55,27
21d07h09m-21d22h52m:17,15,25,15
21d08h05m-21d22h58m:50,10,55,10,55,25
21d09h09m-21d20h22m:10,20,10,40,35,40
21d10h27m-21d22h08m:15,10,15,35,18,35
21d11h28m-21d21h07m:15,40,27,40
22d00h19m-22d23h59m:60,10,60,25
22d01h07m-22d20h53m:57,30,57,45
22d02h30m-22d20h12m:25,25,30,25,30,30,35,30
22d03h29m-22d22h05m:15,03,22,03,22,08,37,08,37,12
22d04h51m-22d23h59m:42,08,42,15,47,15,47,27,55,27
22d05h53m-22d21h45m:67,37,67,22
22d06h48m-22d21h53m:17,15,25,15
22d08h03m-22d23h59m:50,10,55,10,55,25
22d08h41m-22d20h06m:25,45,45,45,45,40
22d10h01m-22d22h23m:10,20,10,40,35,40
22d11h00m-22d22h06m:05,20,05,35
23d00h17m-23d21h33m:15,40,27,40
23d01h14m-23d20h03m:08,03,08,23,20,23
23d02h18m-23d21h01m:60,10,60,25
23d03h43m-23d21h45m:57,30,57,45
23d04h38m-23d22h53m:25,25,30,25,30,30,35,30
23d05h28m-23d22h32m:15,03,22,03,22,08,37,08,37,12
23d06h41m-23d23h59m:42,08,42,15,47,15,47,27,55,27
23d07h50m-23d22h50m:17,15,25,15
23d08h57m-23d22h56m:25,45,45,45,45,40
23d10h04m-23d20h53m:05,20,05,35
23d11h09m-23d22h14m:15,40,27,40
24d00h04m-24d21h18m:08,03,08,23,20,23
24d01h38m-24d23h59m:60,10,60,25
24d02h52m-24d20h44m:57,30,57,45
24d04h11m-24d23h59m:15,25,15,30,20,30,20,35,30,35,30,40
24d04h58m-24d22h36m:15,03,22,03,22,08,37,08,37,12
24d06h34m-24d23h59m:67,37,67,22
24d07h39m-24d20h25m:50,10,55,10,55,25
24d08h25m-24d21h58m:25,45,45,45,45,40
24d09h44m-24d23h59m:10,20,10,40,35,40
24d11h22m-24d22h24m:05,20,05,35
25d00h13m-25d22h01m:15,10,15,35,18,35
25d01h01m-25d21h33m:08,03,08,23,20,23
25d01h55m-25d21h32m:57,30,57,45
25d02h56m-25d23h59m:25,25,30,25,30,30,35,30
25d03h55m-25d22h54m:42,08,42,15,47,15,47,27,55,27
25d04h45m-25d23h59m:67,37,67,22
25d05h53m-25d20h01m:17,15,25,15
25d06h41m-25d21h44m:25,45,45,45,45,40
25d07h39m-25d23h59m:10,20,10,40,35,40
25d08h37m-25d20h30m:05,20,05,35
25d09h24m-25d20h13m:15,40,27,40
25d10h06m-25d23h59m:08,03,08,23,20,23
25d11h12m-25d20h45m:60,10,60,25
26d00h14m-26d22h36m:57,30,57,45
26d02h04m-26d21h25m:25,25,30,25,30,30,35,30
26d03h41m-26d22h30m:15,03,22,03,22,08,37,08,37,12
26d05h04m-26d22h23m:67,37,67,22
26d06h11m-26d21h06m:50,10,55,10,55,25
26d07h50m-26d23h59m:10,20,10,40,35,40
26d09h08m-26d20h56m:15,10,15,35,18,35
26d10h44m-26d21h04m:15,40,27,40
27d00h33m-27d21h26m:08,03,08,23,20,23
27d01h49m-27d20h11m:57,30,57,45
27d02h50m-27d21h38m:15,25,15,30,20,30,20,35,30,35,30,40
27d04h33m-27d21h44m:15,03,22,03,22,08,37,08,37,12
27d05h38m-27d21h52m:42,08,42,15,47,15,47,27,55,27
27d06h49m-27d21h37m:17,15,25,15
27d08h00m-27d22h31m:50,10,55,10,55,25
27d09h54m-27d20h54m:10,20,10,40,35,40
27d11h16m-27d22h36m:15,10,15,35,18,35
28d00h01m-28d21h16m:08,03,08,23,20,23
28d01h18m-28d23h59m:57,30,57,45
28d02h20m-28d20h44m:15,25,15,30,20,30,20,35,30,35,30,40
28d03h11m-28d22h08m:25,25,30,25,30,30,35,30
28d04h18m-28d22h39m:15,03,22,03,22,08,37,08,37,12
28d05h20m-28d21h32m:42,08,42,15,47,15,47,27,55,27
28d06h06m-28d23h59m:67,37,67,22
28d07h25m-28d23h59m:17,15,25,15
28d08h08m-28d22h48m:50,10,55,10,55,25
28d09h07m-28d21h00m:10,20,10,40,35,40
28d10h10m-28d20h02m:15,10,15,35,18,35
28d11h06m-28d20h04m:15,40,27,40
