01d00h08m-01d22h28m:15,10,15,35,18,35
01d01h20m-01d21h41m:15,40,27,40
01d02h05m-01d23h59m:60,10,60,25
01d03h29m-01d22h16m:15,25,15,30,20,30,20,35,30,35,30,40
01d04h11m-01d21h21m:25,25,30,25,30,30,35,30
01d05h27m-01d22h21m:42,08,42,15,47,15,47,27,55,27
01d06h20m-01d20h44m:17,15,25,15
01d07h20m-01d20h19m:25,45,45,45,45,40
01d08h04m-01d23h59m:05,20,05,35
01d09h19m-01d23h59m:15,40,27,40
01d10h14m-01d23h59m:60,10,60,25
01d11h17m-01d22h28m:15,25,15,30,20,30,20,35,30,35,30,40
02d00h28m-02d20h48m:15,03,22,03,22,08,37,08,37,12
02d01h17m-02d20h57m:67,37,67,22
02d02h37m-02d21h14m:17,15,25,15
02d03h26m-02d21h39m:50,10,55,10,55,25
02d04h31m-02d21h44m:25,45,45,45,45,40
02d05h34m-02d22h01m:10,20,10,40,35,40
02d06h49m-02d20h49m:15,10,15,35,18,35
02d07h41m-02d21h04m:15,40,27,40
02d08h50m-02d21h13m:60,10,60,25
02d09h52m-02d20h42m:15,25,15,30,20,30,20,35,30,35,30,40
02d11h14m-02d22h43m:15,03,22,03,22,08,37,08,37,12
03d00h09m-03d23h59m:67,37,67,22
03d01h31m-03d22h34m:17,15,25,15
03d03h39m-03d23h59m:50,10,55,10,55,25
03d04h50m-03d22h07m:10,20,10,40,35,40
03d06h28m-03d21h48m:05,20,05,35
03d08h02m-03d21h03m:15,10,15,35,18,35
03d09h22m-03d23h59m:08,03,08,23,20,23
03d11h12m-03d22h06m:60,10,60,25
04d00h26m-04d21h01m:15,25,15,30,20,30,20,35,30,35,30,40
04d01h29m-04d22h07m:25,25,30,25,30,30,35,30
04d02h17m-04d22h30m:42,08,42,15,47,15,47,27,55,27
04d03h23m-04d20h33m:17,15,25,15
04d04h21m-04d22h12m:50,10,55,10,55,25
04d05h12m-04d21h37m:10,20,10,40,35,40
04d06h10m-04d22h22m:05,20,05,35
04d07h04m-04d20h47m:15,40,27,40
04d08h03m-04d21h34m:60,10,60,25
04d09h09m-04d21h37m:57,30,57,45
04d10h19m-04d20h56m:15,25,15,30,20,30,20,35,30,35,30,40
04d11h05m-04d20h18m:25,25,30,25,30,30,35,30
05d00h30m-05d23h59m:15,03,22,03,22,08,37,08,37,12
05d01h11m-05d20h47m:42,08,42,15,47,15,47,27,55,27
05d02h22m-05d21h00m:17,15,25,15
05d03h43m-05d20h12m:25,45,45,45,45,40
05d04h42m-05d20h23m:05,20,05,35
05d05h31m-05d20h18m:15,10,15,35,18,35
05d06h57m-05d22h35m:08,03,08,23,20,23
05d07h56m-05d22h33m:60,10,60,25
05d09h01m-05d20h36m:15,25,15,30,20,30,20,35,30,35,30,40
05d09h45m-05d23h59m:15,03,22,03,22,08,37,08,37,12
05d10h50m-05d22h22m:67,37,67,22
06d00h00m-06d20h11m:50,10,55,10,55,25
06d01h19m-06d20h44m:25,45,45,45,45,40
06d01h53m-06d22h11m:05,20,05,35
06d03h07m-06d23h59m:15,10,15,35,18,35
06d03h45m-06d22h08m:15,40,27,40
06d04h41m-06d21h50m:08,03,08,23,20,23
06d05h56m-06d23h59m:60,10,60,25
06d06h30m-06d21h30m:15,25,15,30,20,30,20,35,30,35,30,40
06d07h36m-06d21h40m:25,25,30,25,30,30,35,30
06d08h21m-06d22h33m:42,08,42,15,47,15,47,27,55,27
06d09h21m-06d23h59m:17,15,25,15
06d10h24m-06d22h38m:50,10,55,10,55,25
06d11h23m-06d21h48m:25,45,45,45,45,40
07d00h05m-07d20h40m:05,20,05,35
07d01h31m-07d20h29m:15,10,15,35,18,35
07d02h35m-07d22h33m:15,40,27,40
07d03h35m-07d22h08m:08,03,08,23,20,23
07d04h42m-07d20h17m:60,10,60,25
07d05h36m-07d20h38m:57,30,57,45
07d06h58m-07d20h14m:25,25,30,25,30,30,35,30
07d08h04m-07d21h00m:15,03,22,03,22,08,37,08,37,12
07d09h03m-07d22h27m:42,08,42,15,47,15,47,27,55,27
07d10h00m-07d20h55m:67,37,67,22
07d11h01m-07d21h05m:50,10,55,10,55,25
08d00h33m-08d21h52m:10,20,10,40,35,40
08d01h28m-08d22h00m:15,10,15,35,18,35
08d03h09m-08d23h59m:15,40,27,40
08d04h09m-08d23h59m:60,10,60,25
08d05h48m-08d22h48m:15,25,15,30,20,30,20,35,30,35,30,40
08d07h12m-08d22h28m:15,03,22,03,22,08,37,08,37,12
08d08h35m-08d22h15m:67,37,67,22
08d09h42m-08d22h02m:17,15,25,15
08d11h16m-08d23h59m:50,10,55,10,55,25
09d00h12m-09d20h32m:25,45,45,45,45,40
09d01h01m-09d23h59m:10,20,10,40,35,40
09d02h08m-09d20h29m:05,20,05,35
09d03h09m-09d23h59m:15,10,15,35,18,35
09d04h00m-09d23h59m:08,03,08,23,20,23
09d05h06m-09d23h59m:60,10,60,25
09d06h24m-09d20h52m:57,30,57,45
09d07h01m-09d21h56m:25,25,30,25,30,30,35,30
09d08h04m-09d20h43m:42,08,42,15,47,15,47,27,55,27
09d09h20m-09d22h40m:17,15,25,15
09d10h15m-09d22h08m:25,45,45,45,45,40
09d11h12m-09d21h58m:10,20,10,40,35,40
10d00h15m-10d22h36m:05,20,05,35
10d00h51m-10d21h25m:15,10,15,35,18,35
10d01h51m-10d22h52m:15,40,27,40
10d02h37m-10d23h59m:08,03,08,23,20,23
10d03h47m-10d22h45m:57,30,57,45
10d04h19m-10d22h22m:25,25,30,25,30,30,35,30
10d05h06m-10d21h50m:15,03,22,03,22,08,37,08,37,12
10d06h11m-10d23h59m:67,37,67,22
10d06h59m-10d23h59m:50,10,55,10,55,25
10d07h57m-10d23h59m:25,45,45,45,45,40
10d08h54m-10d20h16m:10,20,10,40,35,40
10d09h30m-10d21h09m:05,20,05,35
10d10h32m-10d21h33m:15,10,15,35,18,35
10d11h07m-10d20h10m:08,03,08,23,20,23
11d00h11m-11d21h27m:60,10,60,25
11d01h14m-11d23h59m:57,30,57,45
11d02h15m-11d20h30m:25,25,30,25,30,30,35,30
11d03h39m-11d22h11m:15,03,22,03,22,08,37,08,37,12
11d04h32m-11d21h16m:42,08,42,15,47,15,47,27,55,27
11d05h42m-11d21h00m:17,15,25,15
11d06h31m-11d23h59m:50,10,55,10,55,25
11d08h03m-11d21h05m:10,20,10,40,35,40
11d09h11m-11d21h38m:15,10,15,35,18,35
11d09h53m-11d21h49m:15,40,27,40
11d10h54m-11d20h06m:08,03,08,23,20,23
12d00h09m-12d21h25m:60,10,60,25
12d01h15m-12d22h28m:57,30,57,45
12d02h08m-12d20h44m:15,25,15,30,20,30,20,35,30,35,30,40
12d03h23m-12d21h06m:15,03,22,03,22,08,37,08,37,12
12d04h08m-12d23h59m:42,08,42,15,47,15,47,27,55,27
12d05h13m-12d22h01m:67,37,67,22
12d06h20m-12d23h59m:50,10,55,10,55,25
12d07h16m-12d22h52m:10,20,10,40,35,40
12d08h02m-12d23h59m:15,10,15,35,18,35
12d09h08m-12d22h40m:15,40,27,40
12d10h00m-12d21h40m:60,10,60,25
12d11h02m-12d20h31m:15,25,15,30,20,30,20,35,30,35,30,40
13d00h05m-13d21h08m:15,03,22,03,22,08,37,08,37,12
13d01h05m-13d20h48m:42,08,42,15,47,15,47,27,55,27
13d02h03m-13d22h06m:67,37,67,22
13d02h57m-13d22h48m:17,15,25,15
13d03h24m-13d21h22m:50,10,55,10,55,25
13d04h27m-13d21h10m:10,20,10,40,35,40
13d05h16m-13d20h10m:05,20,05,35
13d06h21m-13d21h07m:15,10,15,35,18,35
13d06h50m-13d21h23m:15,40,27,40
13d07h49m-13d20h52m:08,03,08,23,20,23
13d08h36m-13d22h51m:60,10,60,25
13d09h22m-13d21h40m:57,30,57,45
13d10h20m-13d21h40m:25,25,30,25,30,30,35,30
13d11h11m-13d20h01m:42,08,42,15,47,15,47,27,55,27
14d00h00m-14d22h11m:67,37,67,22
14d01h02m-14d23h59m:50,10,55,10,55,25
14d01h54m-14d21h13m:25,45,45,45,45,40
14d02h49m-14d20h51m:10,20,10,40,35,40
14d03h48m-14d21h40m:15,10,15,35,18,35
14d04h56m-14d22h30m:08,03,08,23,20,23
14d05h55m-14d21h09m:57,30,57,45
14d06h48m-14d20h05m:25,25,30,25,30,30,35,30
14d07h47m-14d22h21m:15,03,22,03,22,08,37,08,37,12
14d08h38m-14d20h34m:67,37,67,22
14d09h32m-14d20h59m:50,10,55,10,55,25
14d10h26m-14d20h49m:10,20,10,40,35,40
14d11h06m-14d21h15m:05,20,05,35
15d00h00m-15d20h45m:15,40,27,40
15d01h29m-15d20h28m:08,03,08,23,20,23
15d02h41m-15d22h00m:60,10,60,25
15d03h41m-15d21h51m:15,25,15,30,20,30,20,35,30,35,30,40
15d04h38m-15d20h26m:25,25,30,25,30,30,35,30
15d05h54m-15d21h35m:42,08,42,15,47,15,47,27,55,27
15d06h54m-15d21h08m:67,37,67,22
15d07h55m-15d20h48m:17,15,25,15
15d09h06m-15d23h59m:25,45,45,45,45,40
15d10h12m-15d22h36m:10,20,10,40,35,40
15d11h13m-15d23h59m:15,10,15,35,18,35
16d00h07m-16d20h53m:08,03,08,23,20,23
16d01h09m-16d22h56m:60,10,60,25
16d02h17m-16d22h02m:15,25,15,30,20,30,20,35,30,35,30,40
16d03h36m-16d22h31m:15,03,22,03,22,08,37,08,37,12
16d04h32m-16d23h59m:67,37,67,22
16d05h25m-16d23h59m:17,15,25,15
16d07h01m-16d21h33m:50,10,55,10,55,25
16d07h42m-16d22h29m:25,45,45,45,45,40
16d08h59m-16d22h23m:05,20,05,35
16d09h58m-16d20h18m:15,40,27,40
16d10h50m-16d22h19m:08,03,08,23,20,23
17d00h09m-17d20h01m:57,30,57,45
17d01h33m-17d21h43m:25,25,30,25,30,30,35,30
17d02h40m-17d20h09m:42,08,42,15,47,15,47,27,55,27
17d03h43m-17d20h34m:67,37,67,22
17d04h47m-17d20h42m:17,15,25,15
17d05h39m-17d21h58m:50,10,55,10,55,25
17d06h53m-17d22h38m:10,20,10,40,35,40
17d07h41m-17d21h23m:15,10,15,35,18,35
17d08h55m-17d22h58m:08,03,08,23,20,23
17d10h10m-17d23h59m:57,30,57,45
17d11h11m-17d20h27m:15,25,15,30,20,30,20,35,30,35,30,40
18d00h22m-18d20h42m:15,03,22,03,22,08,37,08,37,12
18d01h21m-18d22h13m:42,08,42,15,47,15,47,27,55,27
18d02h06m-18d23h59m:17,15,25,15
18d03h09m-18d22h46m:50,10,55,10,55,25
18d03h51m-18d20h14m:10,20,10,40,35,40
18d04h46m-18d22h56m:15,10,15,35,18,35
18d05h46m-18d21h37m:15,40,27,40
18d06h38m-18d23h59m:08,03,08,23,20,23
18d07h22m-18d21h42m:57,30,57,45
18d08h35m-18d23h59m:15,25,15,30,20,30,20,35,30,35,30,40
18d09h13m-18d20h28m:15,03,22,03,22,08,37,08,37,12
18d10h07m-18d21h38m:42,08,42,15,47,15,47,27,55,27
18d11h19m-18d23h59m:17,15,25,15
19d00h10m-19d20h47m:50,10,55,10,55,25
19d01h40m-19d23h59m:25,45,45,45,45,40
19d02h56m-19d20h50m:10,20,10,40,35,40
19d03h55m-19d22h47m:05,20,05,35
19d05h07m-19d20h39m:15,40,27,40
19d06h01m-19d20h30m:08,03,08,23,20,23
19d07h13m-19d23h59m:57,30,57,45
19d08h35m-19d22h44m:15,25,15,30,20,30,20,35,30,35,30,40
19d09h45m-19d21h18m:25,25,30,25,30,30,35,30
19d10h58m-19d22h58m:42,08,42,15,47,15,47,27,55,27
20d00h25m-20d20h58m:17,15,25,15
20d01h16m-20d23h59m:25,45,45,45,45,40
20d02h12m-20d23h59m:10,20,10,40,35,40
20d02h54m-20d23h59m:15,10,15,35,18,35
20d03h48m-20d21h09m:08,03,08,23,20,23
20d04h52m-20d21h58m:57,30,57,45
20d05h39m-20d21h33m:15,25,15,30,20,30,20,35,30,35,30,40
20d06h47m-20d23h59m:15,03,22,03,22,08,37,08,37,12
20d07h42m-20d22h11m:42,08,42,15,47,15,47,27,55,27
20d08h30m-20d23h59m:67,37,67,22
20d09h21m-20d21h08m:50,10,55,10,55,25
20d10h11m-20d22h56m:10,20,10,40,35,40
20d11h10m-20d23h59m:15,10,15,35,18,35
21d00h09m-21d21h55m:08,03,08,23,20,23
21d01h47m-21d21h31m:57,30,57,45
21d02h39m-21d20h25m:15,25,15,30,20,30,20,35,30,35,30,40
21d03h47m-21d21h11m:25,25,30,25,30,30,35,30
21d05h10m-21d20h22m:15,03,22,03,22,08,37,08,37,12
21d06h04m-21d23h59m:67,37,67,22
21d07h17m-21d20h27m:17,15,25,15
21d08h57m-21d21h21m:50,10,55,10,55,25
21d09h49m-21d22h03m:10,20,10,40,35,40
21d11h02m-21d22h38m:05,20,05,35
22d00h02m-22d23h59m:15,10,15,35,18,35
22d01h23m-22d23h59m:15,40,27,40
22d02h52m-22d21h31m:08,03,08,23,20,23
22d03h37m-22d23h59m:60,10,60,25
22d04h52m-22d22h38m:57,30,57,45
22d06h22m-22d22h39m:15,25,15,30,20,30,20,35,30,35,30,40
22d07h31m-22d20h56m:15,03,22,03,22,08,37,08,37,12
22d08h39m-22d21h40m:42,08,42,15,47,15,47,27,55,27
22d09h44m-22d22h18m:17,15,25,15
22d10h53m-22d23h59m:50,10,55,10,55,25
23d00h35m-23d21h43m:25,45,45,45,45,40
23d01h24m-23d23h59m:10,20,10,40,35,40
23d02h28m-23d22h13m:05,20,05,35
23d03h50m-23d21h28m:15,40,27,40
23d04h54m-23d21h06m:60,10,60,25
23d06h32m-23d22h58m:57,30,57,45
23d07h28m-23d20h24m:25,25,30,25,30,30,35,30
23d08h44m-23d22h45m:42,08,42,15,47,15,47,27,55,27
23d09h43m-23d21h21m:17,15,25,15
23d10h50m-23d21h04m:25,45,45,45,45,40
24d00h31m-24d22h19m:10,20,10,40,35,40
24d01h07m-24d20h51m:05,20,05,35
24d02h25m-24d23h59m:15,10,15,35,18,35
24d03h37m-24d21h22m:08,03,08,23,20,23
24d04h37m-24d23h59m:60,10,60,25
24d05h36m-24d21h08m:15,25,15,30,20,30,20,35,30,35,30,40
24d06h34m-24d23h59m:15,03,22,03,22,08,37,08,37,12
24d07h55m-24d21h09m:67,37,67,22
24d09h04m-24d23h59m:50,10,55,10,55,25
24d10h16m-24d22h16m:10,20,10,40,35,40
24d11h12m-24d23h59m:15,10,15,35,18,35
25d00h00m-25d21h09m:15,40,27,40
25d01h15m-25d23h59m:60,10,60,25
25d02h05m-25d23h59m:57,30,57,45
25d02h57m-25d22h38m:15,25,15,30,20,30,20,35,30,35,30,40
25d03h45m-25d20h33m:15,03,22,03,22,08,37,08,37,12
25d05h02m-25d22h04m:42,08,42,15,47,15,47,27,55,27
25d05h56m-25d20h37m:17,15,25,15
25d06h42m-25d23h59m:25,45,45,45,45,40
25d07h45m-25d23h59m:10,20,10,40,35,40
25d08h23m-25d23h59m:15,10,15,35,18,35
25d09h36m-25d21h28m:15,40,27,40
25d10h18m-25d21h38m:08,03,08,23,20,23
25d11h08m-25d21h54m:57,30,57,45
26d00h11m-26d23h59m:15,25,15,30,20,30,20,35,30,35,30,40
26d01h16m-26d23h59m:15,03,22,03,22,08,37,08,37,12
26d02h55m-26d23h59m:42,08,42,15,47,15,47,27,55,27
26d04h01m-26d21h11m:17,15,25,15
26d04h48m-26d20h47m:50,10,55,10,55,25
26d06h23m-26d21h28m:10,20,10,40,35,40
26d07h27m-26d23h59m:15,10,15,35,18,35
26d08h24m-26d20h20m:08,03,08,23,20,23
26d09h50m-26d23h59m:57,30,57,45
26d10h55m-26d23h59m:25,25,30,25,30,30,35,30
27d00h08m-27d20h05m:15,03,22,03,22,08,37,08,37,12
27d01h51m-27d23h59m:42,08,42,15,47,15,47,27,55,27
27d02h56m-27d22h14m:17,15,25,15
27d04h15m-27d21h12m:50,10,55,10,55,25
27d05h50m-27d20h54m:25,45,45,45,45,40
27d07h17m-27d23h59m:05,20,05,35
27d08h13m-27d21h47m:15,10,15,35,18,35
27d09h23m-27d21h48m:15,40,27,40
27d10h45m-27d23h59m:08,03,08,23,20,23
28d00h02m-28d22h47m:60,10,60,25
28d01h09m-28d20h11m:57,30,57,45
28d02h06m-28d22h52m:15,25,15,30,20,30,20,35,30,35,30,40
28d02h56m-28d21h44m:15,03,22,03,22,08,37,08,37,12
28d03h52m-28d21h34m:67,37,67,22
28d04h40m-28d23h59m:17,15,25,15
28d05h51m-28d21h21m:50,10,55,10,55,25
28d06h30m-28d22h01m:25,45,45,45,45,40
28d07h35m-28d20h49m:10,20,10,40,35,40
28d08h20m-28d22h13m:15,10,15,35,18,35
28d09h36m-28d20h51m:15,40,27,40
28d10h05m-28d22h55m:08,03,08,23,20,23
28d11h03m-28d22h48m:57,30,57,45
