01d00h19m-01d21h08m:15,10,15,35,18,35
01d01h03m-01d20h24m:15,40,27,40
01d02h08m-01d23h59m:60,10,60,25
01d03h16m-01d23h59m:15,25,15,30,20,30,20,35,30,35,30,40
01d04h17m-01d21h29m:15,03,22,03,22,08,37,08,37,12
01d05h04m-01d22h47m:67,37,67,22
01d06h01m-01d23h59m:17,15,25,15
01d07h20m-01d21h02m:50,10,55,10,55,25
01d08h05m-01d21h25m:10,20,10,40,35,40
01d09h18m-01d20h11m:15,10,15,35,18,35
01d10h03m-01d21h19m:15,40,27,40
01d11h29m-01d22h57m:08,03,08,23,20,23
02d00h24m-02d22h53m:57,30,57,45
02d01h28m-02d20h40m:15,25,15,30,20,30,20,35,30,35,30,40
02d02h07m-02d22h13m:25,25,30,25,30,30,35,30
02d03h13m-02d21h30m:15,03,22,03,22,08,37,08,37,12
02d04h13m-02d23h59m:67,37,67,22
02d05h05m-02d20h51m:17,15,25,15
02d06h04m-02d22h05m:25,45,45,45,45,40
02d07h29m-02d21h19m:05,20,05,35
02d08h02m-02d21h29m:15,10,15,35,18,35
02d09h10m-02d23h59m:08,03,08,23,20,23
02d10h24m-02d22h43m:60,10,60,25
02d11h05m-02d21h19m:57,30,57,45
03d00h02m-03d21h05m:15,25,15,30,20,30,20,35,30,35,30,40
03d01h44m-03d21h24m:15,03,22,03,22,08,37,08,37,12
03d02h57m-03d21h28m:42,08,42,15,47,15,47,27,55,27
03d04h18m-03d21h53m:17,15,25,15
03d05h50m-03d23h59m:50,10,55,10,55,25
03d06h51m-03d20h15m:10,20,10,40,35,40
03d08h19m-03d20h00m:15,10,15,35,18,35
03d09h21m-03d21h39m:08,03,08,23,20,23
03d10h42m-03d22h47m:57,30,57,45
04d00h15m-04d20h41m:15,25,15,30,20,30,20,35,30,35,30,40
04d01h24m-04d21h45m:25,25,30,25,30,30,35,30
04d02h04m-04d20h19m:15,03,22,03,22,08,37,08,37,12
04d03h24m-04d22h07m:42,08,42,15,47,15,47,27,55,27
04d04h24m-04d21h15m:67,37,67,22
04d05h11m-04d22h04m:17,15,25,15
04d06h18m-04d22h02m:25,45,45,45,45,40
04d07h28m-04d20h22m:05,20,05,35
04d08h16m-04d23h59m:15,40,27,40
04d09h03m-04d20h54m:60,10,60,25
04d10h02m-04d21h34m:57,30,57,45
04d11h13m-04d21h44m:15,25,15,30,20,30,20,35,30,35,30,40
05d00h03m-05d22h46m:15,03,22,03,22,08,37,08,37,12
05d02h06m-05d22h42m:42,08,42,15,47,15,47,27,55,27
05d03h21m-05d20h22m:67,37,67,22
05d04h50m-05d21h55m:17,15,25,15
05d06h39m-05d21h47m:25,45,45,45,45,40
05d07h40m-05d22h54m:05,20,05,35
05d09h20m-05d21h25m:15,10,15,35,18,35
05d11h10m-05d20h55m:08,03,08,23,20,23
06d00h02m-06d20h12m:57,30,57,45
06d02h07m-06d20h01m:15,25,15,30,20,30,20,35,30,35,30,40
06d03h07m-06d23h59m:15,03,22,03,22,08,37,08,37,12
06d04h48m-06d20h50m:67,37,67,22
06d06h31m-06d20h17m:17,15,25,15
06d08h05m-06d23h59m:50,10,55,10,55,25
06d09h36m-06d23h59m:25,45,45,45,45,40
06d11h08m-06d22h59m:05,20,05,35
07d00h19m-07d21h13m:15,10,15,35,18,35
07d01h07m-07d23h59m:15,40,27,40
07d02h01m-07d20h10m:60,10,60,25
07d02h54m-07d21h57m:57,30,57,45
07d03h30m-07d20h41m:15,25,15,30,20,30,20,35,30,35,30,40
07d04h39m-07d21h18m:15,03,22,03,22,08,37,08,37,12
07d05h14m-07d20h57m:42,08,42,15,47,15,47,27,55,27
07d06h15m-07d21h47m:17,15,25,15
07d06h57m-07d22h39m:50,10,55,10,55,25
07d08h02m-07d21h08m:25,45,45,45,45,40
07d08h46m-07d22h29m:10,20,10,40,35,40
07d09h28m-07d22h11m:15,10,15,35,18,35
07d10h22m-07d20h03m:15,40,27,40
07d11h04m-07d21h06m:60,10,60,25
08d00h30m-08d22h25m:15,25,15,30,20,30,20,35,30,35,30,40
08d01h15m-08d23h59m:15,03,22,03,22,08,37,08,37,12
08d02h22m-08d22h04m:67,37,67,22
08d03h38m-08d22h43m:50,10,55,10,55,25
08d04h49m-08d22h03m:25,45,45,45,45,40
08d05h40m-08d21h24m:10,20,10,40,35,40
08d06h41m-08d23h59m:15,10,15,35,18,35
08d07h55m-08d23h59m:15,40,27,40
08d08h58m-08d20h55m:60,10,60,25
08d09h49m-08d23h59m:57,30,57,45
08d10h56m-08d21h27m:15,25,15,30,20,30,20,35,30,35,30,40
09d00h15m-09d23h59m:25,25,30,25,30,30,35,30
09d01h08m-09d22h08m:42,08,42,15,47,15,47,27,55,27
09d02h07m-09d22h42m:67,37,67,22
09d03h07m-09d22h09m:50,10,55,10,55,25
09d03h45m-09d22h23m:25,45,45,45,45,40
09d04h38m-09d21h20m:05,20,05,35
09d05h46m-09d21h43m:15,40,27,40
09d06h47m-09d20h00m:08,03,08,23,20,23
09d07h36m-09d21h29m:57,30,57,45
09d08h27m-09d22h17m:15,25,15,30,20,30,20,35,30,35,30,40
09d09h12m-09d23h59m:25,25,30,25,30,30,35,30
09d10h13m-09d23h59m:42,08,42,15,47,15,47,27,55,27
09d11h11m-09d23h59m:17,15,25,15
10d00h13m-10d20h50m:25,45,45,45,45,40
10d01h21m-10d23h59m:05,20,05,35
10d02h57m-10d22h32m:15,40,27,40
10d03h53m-10d22h20m:60,10,60,25
10d05h06m-10d22h34m:15,25,15,30,20,30,20,35,30,35,30,40
10d06h10m-10d20h16m:15,03,22,03,22,08,37,08,37,12
10d07h17m-10d22h41m:67,37,67,22
10d08h33m-10d20h09m:50,10,55,10,55,25
10d10h05m-10d20h34m:25,45,45,45,45,40
10d11h10m-10d21h54m:10,20,10,40,35,40
11d00h24m-11d21h21m:05,20,05,35
11d01h06m-11d23h59m:15,10,15,35,18,35
11d02h06m-11d20h55m:15,40,27,40
11d03h23m-11d20h32m:08,03,08,23,20,23
11d04h25m-11d21h01m:60,10,60,25
11d05h06m-11d22h39m:15,25,15,30,20,30,20,35,30,35,30,40
11d06h29m-11d23h59m:15,03,22,03,22,08,37,08,37,12
11d07h02m-11d23h59m:67,37,67,22
11d08h21m-11d20h41m:17,15,25,15
11d09h13m-11d22h53m:25,45,45,45,45,40
11d10h28m-11d20h11m:10,20,10,40,35,40
11d11h15m-11d21h05m:15,10,15,35,18,35
12d00h22m-12d20h03m:08,03,08,23,20,23
12d01h04m-12d23h59m:57,30,57,45
12d01h57m-12d23h59m:25,25,30,25,30,30,35,30
12d02h45m-12d20h50m:15,03,22,03,22,08,37,08,37,12
12d03h38m-12d20h58m:42,08,42,15,47,15,47,27,55,27
12d04h37m-12d21h18m:67,37,67,22
12d05h21m-12d20h00m:50,10,55,10,55,25
12d06h05m-12d21h03m:10,20,10,40,35,40
12d07h10m-12d23h59m:15,10,15,35,18,35
12d07h52m-12d23h59m:08,03,08,23,20,23
12d08h41m-12d20h02m:57,30,57,45
12d09h34m-12d21h40m:15,25,15,30,20,30,20,35,30,35,30,40
12d10h17m-12d23h59m:25,25,30,25,30,30,35,30
12d11h06m-12d20h30m:15,03,22,03,22,08,37,08,37,12
13d00h01m-13d20h34m:67,37,67,22
13d01h45m-13d22h18m:50,10,55,10,55,25
13d02h53m-13d21h11m:10,20,10,40,35,40
13d04h17m-13d21h28m:15,10,15,35,18,35
13d05h55m-13d23h59m:08,03,08,23,20,23
13d07h07m-13d21h40m:57,30,57,45
13d08h39m-13d21h43m:25,25,30,25,30,30,35,30
13d09h44m-13d23h59m:42,08,42,15,47,15,47,27,55,27
13d10h58m-13d22h09m:17,15,25,15
14d00h15m-14d22h56m:50,10,55,10,55,25
14d01h42m-14d20h00m:10,20,10,40,35,40
14d03h33m-14d23h59m:05,20,05,35
14d04h52m-14d21h03m:15,10,15,35,18,35
14d06h24m-14d22h08m:08,03,08,23,20,23
14d08h00m-14d21h03m:60,10,60,25
14d09h17m-14d22h01m:57,30,57,45
14d10h49m-14d21h21m:25,25,30,25,30,30,35,30
15d00h00m-15d22h12m:42,08,42,15,47,15,47,27,55,27
15d01h13m-15d22h20m:67,37,67,22
15d01h45m-15d20h31m:17,15,25,15
15d02h48m-15d22h37m:50,10,55,10,55,25
15d03h26m-15d22h02m:10,20,10,40,35,40
15d04h29m-15d20h06m:15,10,15,35,18,35
15d05h21m-15d21h27m:08,03,08,23,20,23
15d06h04m-15d22h19m:57,30,57,45
15d07h11m-15d21h46m:25,25,30,25,30,30,35,30
15d08h02m-15d20h26m:42,08,42,15,47,15,47,27,55,27
15d08h45m-15d21h28m:67,37,67,22
15d09h29m-15d23h59m:50,10,55,10,55,25
15d10h21m-15d23h59m:10,20,10,40,35,40
15d11h07m-15d23h59m:15,10,15,35,18,35
16d00h39m-16d21h00m:15,40,27,40
16d01h49m-16d21h26m:60,10,60,25
16d03h15m-16d21h58m:15,25,15,30,20,30,20,35,30,35,30,40
16d04h58m-16d21h19m:15,03,22,03,22,08,37,08,37,12
16d06h41m-16d23h59m:67,37,67,22
16d08h04m-16d22h24m:50,10,55,10,55,25
16d09h23m-16d21h37m:10,20,10,40,35,40
16d10h42m-16d20h42m:15,10,15,35,18,35
17d00h14m-17d20h49m:08,03,08,23,20,23
17d01h17m-17d20h43m:57,30,57,45
17d01h58m-17d22h35m:25,25,30,25,30,30,35,30
17d03h04m-17d20h42m:15,03,22,03,22,08,37,08,37,12
17d04h05m-17d21h33m:67,37,67,22
17d04h59m-17d21h39m:17,15,25,15
17d05h37m-17d22h12m:25,45,45,45,45,40
17d06h39m-17d21h51m:05,20,05,35
17d07h44m-17d23h59m:15,10,15,35,18,35
17d08h31m-17d22h49m:15,40,27,40
17d09h33m-17d20h45m:60,10,60,25
17d10h09m-17d20h46m:57,30,57,45
17d11h10m-17d23h59m:15,25,15,30,20,30,20,35,30,35,30,40
18d00h32m-18d20h14m:15,03,22,03,22,08,37,08,37,12
18d01h27m-18d23h59m:67,37,67,22
18d02h48m-18d22h11m:17,15,25,15
18d03h39m-18d22h42m:50,10,55,10,55,25
18d05h15m-18d20h25m:10,20,10,40,35,40
18d06h07m-18d23h59m:05,20,05,35
18d07h44m-18d22h58m:15,10,15,35,18,35
18d08h53m-18d21h19m:08,03,08,23,20,23
18d09h37m-18d21h15m:57,30,57,45
18d11h12m-18d22h48m:15,25,15,30,20,30,20,35,30,35,30,40
19d00h09m-19d20h47m:15,03,22,03,22,08,37,08,37,12
19d01h15m-19d20h40m:42,08,42,15,47,15,47,27,55,27
19d02h08m-19d23h59m:67,37,67,22
19d03h01m-19d20h17m:50,10,55,10,55,25
19d03h47m-19d23h59m:25,45,45,45,45,40
19d04h45m-19d21h14m:05,20,05,35
19d05h32m-19d21h00m:15,40,27,40
19d06h45m-19d21h17m:08,03,08,23,20,23
19d07h40m-19d23h59m:57,30,57,45
19d08h41m-19d23h59m:25,25,30,25,30,30,35,30
19d09h12m-19d21h43m:42,08,42,15,47,15,47,27,55,27
19d10h26m-19d23h59m:67,37,67,22
19d11h23m-19d23h59m:17,15,25,15
20d00h12m-20d22h27m:25,45,45,45,45,40
20d01h19m-20d21h35m:05,20,05,35
20d02h31m-20d20h05m:15,10,15,35,18,35
20d03h40m-20d21h41m:15,40,27,40
20d04h25m-20d20h24m:08,03,08,23,20,23
20d05h55m-20d20h11m:57,30,57,45
20d07h00m-20d23h59m:15,25,15,30,20,30,20,35,30,35,30,40
20d07h59m-20d22h32m:15,03,22,03,22,08,37,08,37,12
20d08h43m-20d22h35m:67,37,67,22
20d09h51m-20d21h55m:50,10,55,10,55,25
20d10h51m-20d21h03m:25,45,45,45,45,40
21d00h00m-21d21h36m:10,20,10,40,35,40
21d01h41m-21d22h39m:15,10,15,35,18,35
21d02h35m-21d22h17m:08,03,08,23,20,23
21d03h47m-21d21h17m:60,10,60,25
21d05h04m-21d23h59m:57,30,57,45
21d06h25m-21d23h59m:25,25,30,25,30,30,35,30
21d07h26m-21d20h07m:42,08,42,15,47,15,47,27,55,27
21d08h27m-21d21h51m:17,15,25,15
21d10h05m-21d21h06m:25,45,45,45,45,40
21d11h03m-21d23h59m:05,20,05,35
22d00h12m-22d21h14m:15,40,27,40
22d01h12m-22d23h59m:08,03,08,23,20,23
22d01h52m-22d20h48m:57,30,57,45
22d03h09m-22d21h53m:25,25,30,25,30,30,35,30
22d03h49m-22d22h52m:42,08,42,15,47,15,47,27,55,27
22d04h41m-22d22h32m:17,15,25,15
22d05h48m-22d22h15m:25,45,45,45,45,40
22d06h47m-22d21h48m:10,20,10,40,35,40
22d07h21m-22d20h54m:05,20,05,35
22d08h23m-22d23h59m:15,40,27,40
22d09h28m-22d22h17m:60,10,60,25
22d10h22m-22d23h59m:15,25,15,30,20,30,20,35,30,35,30,40
22d11h22m-22d21h05m:15,03,22,03,22,08,37,08,37,12
23d00h28m-23d21h44m:67,37,67,22
23d01h24m-23d21h59m:17,15,25,15
23d02h40m-23d20h09m:25,45,45,45,45,40
23d03h41m-23d21h42m:05,20,05,35
23d05h16m-23d22h17m:15,10,15,35,18,35
23d06h22m-23d22h08m:08,03,08,23,20,23
23d07h45m-23d20h58m:57,30,57,45
23d08h25m-23d22h26m:15,25,15,30,20,30,20,35,30,35,30,40
23d09h37m-23d20h44m:15,03,22,03,22,08,37,08,37,12
23d11h00m-23d23h59m:67,37,67,22
24d00h20m-24d22h57m:50,10,55,10,55,25
24d01h11m-24d20h32m:10,20,10,40,35,40
24d02h20m-24d21h24m:15,10,15,35,18,35
24d03h35m-24d23h59m:08,03,08,23,20,23
24d04h27m-24d22h20m:57,30,57,45
24d05h30m-24d22h46m:15,25,15,30,20,30,20,35,30,35,30,40
24d06h48m-24d20h38m:15,03,22,03,22,08,37,08,37,12
24d07h57m-24d21h08m:67,37,67,22
24d08h44m-24d23h59m:17,15,25,15
24d09h48m-24d21h32m:25,45,45,45,45,40
24d11h08m-24d23h59m:10,20,10,40,35,40
25d00h06m-25d20h10m:15,10,15,35,18,35
25d01h16m-25d21h18m:08,03,08,23,20,23
25d01h54m-25d23h59m:57,30,57,45
25d02h41m-25d20h37m:15,25,15,30,20,30,20,35,30,35,30,40
25d03h25m-25d21h12m:25,25,30,25,30,30,35,30
25d04h40m-25d23h59m:15,03,22,03,22,08,37,08,37,12
25d05h19m-25d23h59m:67,37,67,22
25d06h13m-25d22h24m:50,10,55,10,55,25
25d06h48m-25d20h57m:10,20,10,40,35,40
25d07h44m-25d20h00m:05,20,05,35
25d08h37m-25d21h03m:15,10,15,35,18,35
25d09h45m-25d20h23m:15,40,27,40
25d10h35m-25d23h59m:60,10,60,25
25d11h26m-25d21h56m:57,30,57,45
26d00h01m-26d22h29m:25,25,30,25,30,30,35,30
26d01h05m-26d21h23m:15,03,22,03,22,08,37,08,37,12
26d01h58m-26d20h22m:67,37,67,22
26d03h02m-26d22h50m:17,15,25,15
26d03h42m-26d21h40m:25,45,45,45,45,40
26d04h56m-26d22h16m:05,20,05,35
26d05h55m-26d20h14m:15,40,27,40
26d06h31m-26d21h37m:60,10,60,25
26d07h25m-26d20h36m:57,30,57,45
26d08h24m-26d23h59m:15,25,15,30,20,30,20,35,30,35,30,40
26d09h36m-26d21h39m:15,03,22,03,22,08,37,08,37,12
26d10h30m-26d23h59m:67,37,67,22
26d11h15m-26d20h41m:17,15,25,15
27d00h19m-27d23h59m:25,45,45,45,45,40
27d01h16m-27d21h15m:05,20,05,35
27d02h23m-27d20h05m:15,10,15,35,18,35
27d03h46m-27d23h59m:08,03,08,23,20,23
27d04h40m-27d21h52m:57,30,57,45
27d05h43m-27d20h59m:25,25,30,25,30,30,35,30
27d06h49m-27d21h09m:42,08,42,15,47,15,47,27,55,27
27d07h44m-27d23h59m:67,37,67,22
27d08h50m-27d22h35m:17,15,25,15
27d09h54m-27d21h50m:50,10,55,10,55,25
27d11h05m-27d20h59m:10,20,10,40,35,40
28d00h08m-28d23h59m:15,10,15,35,18,35
28d01h22m-28d23h59m:15,40,27,40
28d01h59m-28d21h58m:08,03,08,23,20,23
28d03h09m-28d20h59m:60,10,60,25
28d03h40m-28d21h16m:57,30,57,45
28d04h54m-28d21h03m:25,25,30,25,30,30,35,30
28d05h31m-28d21h36m:42,08,42,15,47,15,47,27,55,27
28d06h52m-28d21h44m:17,15,25,15
28d07h34m-28d21h09m:50,10,55,10,55,25
28d08h25m-28d21h33m:25,45,45,45,45,40
28d09h19m-28d22h22m:10,20,10,40,35,40
28d10h15m-28d21h38m:05,20,05,35
28d11h07m-28d21h31m:15,10,15,35,18,35
