01d00h15m-01d20h03m:15,10,15,35,18,35
01d01h15m-01d21h26m:15,40,27,40
01d01h50m-01d23h59m:60,10,60,25
01d03h06m-01d23h59m:57,30,57,45
01d04h05m-01d20h18m:15,25,15,30,20,30,20,35,30,35,30,40
01d04h39m-01d20h44m:25,25,30,25,30,30,35,30
01d05h56m-01d22h21m:42,08,42,15,47,15,47,27,55,27
01d06h50m-01d21h29m:67,37,67,22
01d07h33m-01d21h48m:17,15,25,15
01d08h41m-01d21h02m:25,45,45,45,45,40
01d09h15m-01d21h47m:05,20,05,35
01d10h18m-01d22h08m:15,10,15,35,18,35
01d11h18m-01d22h58m:15,40,27,40
02d00h30m-02d21h23m:08,03,08,23,20,23
02d01h20m-02d21h44m:60,10,60,25
02d02h54m-02d21h57m:15,25,15,30,20,30,20,35,30,35,30,40
02d03h42m-02d21h30m:15,03,22,03,22,08,37,08,37,12
02d05h10m-02d23h59m:42,08,42,15,47,15,47,27,55,27
02d06h28m-02d22h05m:67,37,67,22
02d07h20m-02d21h51m:50,10,55,10,55,25
02d08h44m-02d21h27m:25,45,45,45,45,40
02d09h52m-02d22h57m:05,20,05,35
02d11h03m-02d20h53m:15,10,15,35,18,35
03d00h11m-03d20h50m:15,40,27,40
03d02h00m-03d23h59m:08,03,08,23,20,23
03d03h44m-03d20h42m:60,10,60,25
03d04h33m-03d21h32m:57,30,57,45
03d06h25m-03d23h59m:15,25,15,30,20,30,20,35,30,35,30,40
03d07h58m-03d21h19m:25,25,30,25,30,30,35,30
03d09h10m-03d20h48m:15,03,22,03,22,08,37,08,37,12
03d10h52m-03d23h59m:42,08,42,15,47,15,47,27,55,27
04d00h11m-04d23h59m:17,15,25,15
04d01h19m-04d20h49m:50,10,55,10,55,25
04d02h14m-04d23h59m:10,20,10,40,35,40
04d03h17m-04d22h10m:05,20,05,35
04d04h20m-04d20h53m:15,10,15,35,18,35
04d05h03m-04d22h07m:15,40,27,40
04d06h10m-04d23h59m:08,03,08,23,20,23
04d07h05m-04d20h29m:60,10,60,25
04d08h02m-04d22h34m:15,25,15,30,20,30,20,35,30,35,30,40
04d09h05m-04d21h24m:25,25,30,25,30,30,35,30
04d10h16m-04d22h50m:15,03,22,03,22,08,37,08,37,12
04d11h26m-04d23h59m:67,37,67,22
05d00h19m-05d20h33m:17,15,25,15
05d02h09m-05d20h08m:25,45,45,45,45,40
05d03h41m-05d21h05m:10,20,10,40,35,40
05d05h05m-05d23h59m:15,10,15,35,18,35
05d06h19m-05d22h34m:15,40,27,40
05d07h47m-05d21h45m:60,10,60,25
05d09h19m-05d22h42m:57,30,57,45
05d10h34m-05d20h50m:15,25,15,30,20,30,20,35,30,35,30,40
06d00h35m-06d21h55m:25,25,30,25,30,30,35,30
06d01h49m-06d21h34m:15,03,22,03,22,08,37,08,37,12
06d02h53m-06d20h36m:42,08,42,15,47,15,47,27,55,27
06d04h35m-06d20h16m:17,15,25,15
06d05h28m-06d22h10m:50,10,55,10,55,25
06d07h08m-06d20h01m:25,45,45,45,45,40
06d08h17m-06d23h59m:05,20,05,35
06d09h50m-06d20h53m:15,10,15,35,18,35
06d10h43m-06d23h59m:15,40,27,40
07d00h20m-07d23h59m:60,10,60,25
07d01h24m-07d23h59m:15,25,15,30,20,30,20,35,30,35,30,40
07d02h26m-07d21h12m:25,25,30,25,30,30,35,30
07d03h10m-07d23h59m:15,03,22,03,22,08,37,08,37,12
07d04h10m-07d23h59m:67,37,67,22
07d05h07m-07d20h20m:17,15,25,15
07d06h23m-07d21h08m:25,45,45,45,45,40
07d07h20m-07d21h04m:10,20,10,40,35,40
07d08h14m-07d22h58m:15,10,15,35,18,35
07d09h09m-07d22h30m:08,03,08,23,20,23
07d10h03m-07d21h00m:60,10,60,25
07d11h23m-07d21h05m:57,30,57,45
08d00h07m-08d23h59m:25,25,30,25,30,30,35,30
08d01h05m-08d21h30m:15,03,22,03,22,08,37,08,37,12
08d01h54m-08d23h59m:42,08,42,15,47,15,47,27,55,27
08d02h54m-08d20h22m:67,37,67,22
08d03h38m-08d23h59m:17,15,25,15
08d04h26m-08d23h59m:50,10,55,10,55,25
08d05h23m-08d20h11m:10,20,10,40,35,40
08d06h15m-08d21h54m:05,20,05,35
08d06h54m-08d21h37m:15,40,27,40
08d07h49m-08d22h03m:08,03,08,23,20,23
08d08h43m-08d22h38m:60,10,60,25
08d09h24m-08d22h58m:57,30,57,45
08d10h21m-08d20h20m:25,25,30,25,30,30,35,30
08d11h20m-08d22h31m:42,08,42,15,47,15,47,27,55,27
09d00h10m-09d22h48m:67,37,67,22
09d01h23m-09d21h41m:50,10,55,10,55,25
09d02h05m-09d22h37m:10,20,10,40,35,40
09d03h08m-09d23h59m:15,10,15,35,18,35
09d04h27m-09d22h14m:15,40,27,40
09d05h19m-09d22h01m:08,03,08,23,20,23
09d06h15m-09d21h41m:57,30,57,45
09d07h02m-09d22h26m:25,25,30,25,30,30,35,30
09d08h07m-09d21h13m:15,03,22,03,22,08,37,08,37,12
09d09h00m-09d20h00m:67,37,67,22
09d10h05m-09d23h59m:50,10,55,10,55,25
09d11h03m-09d21h50m:10,20,10,40,35,40
10d00h13m-10d21h56m:15,10,15,35,18,35
10d01h29m-10d23h59m:08,03,08,23,20,23
10d02h13m-10d21h50m:60,10,60,25
10d03h40m-10d22h03m:15,25,15,30,20,30,20,35,30,35,30,40
10d04h36m-10d20h08m:25,25,30,25,30,30,35,30
10d05h30m-10d23h59m:42,08,42,15,47,15,47,27,55,27
10d06h46m-10d22h27m:67,37,67,22
10d07h57m-10d22h24m:50,10,55,10,55,25
10d08h44m-10d21h17m:25,45,45,45,45,40
10d10h17m-10d22h18m:05,20,05,35
10d10h59m-10d20h23m:15,40,27,40
11d00h41m-11d20h59m:60,10,60,25
11d01h32m-11d21h13m:57,30,57,45
11d03h43m-11d22h35m:15,25,15,30,20,30,20,35,30,35,30,40
11d05h07m-11d20h41m:25,25,30,25,30,30,35,30
11d06h16m-11d21h02m:42,08,42,15,47,15,47,27,55,27
11d08h01m-11d21h42m:67,37,67,22
11d09h41m-11d21h16m:17,15,25,15
11d10h42m-11d23h59m:25,45,45,45,45,40
12d00h02m-12d22h02m:10,20,10,40,35,40
12d01h05m-12d20h10m:15,10,15,35,18,35
12d02h28m-12d21h33m:08,03,08,23,20,23
12d03h11m-12d22h57m:57,30,57,45
12d04h07m-12d21h13m:15,25,15,30,20,30,20,35,30,35,30,40
12d05h23m-12d22h31m:15,03,22,03,22,08,37,08,37,12
12d06h14m-12d23h59m:42,08,42,15,47,15,47,27,55,27
12d07h28m-12d22h00m:17,15,25,15
12d08h01m-12d21h27m:50,10,55,10,55,25
12d09h27m-12d22h16m:25,45,45,45,45,40
12d10h24m-12d20h15m:05,20,05,35
12d11h26m-12d23h59m:15,10,15,35,18,35
13d00h34m-13d21h49m:08,03,08,23,20,23
13d01h26m-13d22h39m:60,10,60,25
13d02h59m-13d22h11m:15,25,15,30,20,30,20,35,30,35,30,40
13d03h56m-13d21h52m:25,25,30,25,30,30,35,30
13d04h54m-13d21h36m:15,03,22,03,22,08,37,08,37,12
13d06h22m-13d22h25m:42,08,42,15,47,15,47,27,55,27
13d07h16m-13d21h17m:67,37,67,22
13d08h53m-13d23h59m:50,10,55,10,55,25
13d09h54m-13d23h59m:10,20,10,40,35,40
13d11h07m-13d23h59m:05,20,05,35
14d00h05m-14d21h29m:15,40,27,40
14d01h38m-14d22h55m:60,10,60,25
14d03h37m-14d22h55m:57,30,57,45
14d05h02m-14d23h59m:15,25,15,30,20,30,20,35,30,35,30,40
14d06h23m-14d23h59m:25,25,30,25,30,30,35,30
14d07h53m-14d21h14m:15,03,22,03,22,08,37,08,37,12
14d09h33m-14d20h25m:67,37,67,22
14d10h56m-14d22h07m:50,10,55,10,55,25
15d00h26m-15d22h06m:25,45,45,45,45,40
15d01h06m-15d21h43m:05,20,05,35
15d02h39m-15d23h59m:15,10,15,35,18,35
15d03h45m-15d20h40m:15,40,27,40
15d04h20m-15d20h34m:08,03,08,23,20,23
15d05h30m-15d20h19m:57,30,57,45
15d06h34m-15d22h21m:25,25,30,25,30,30,35,30
15d07h45m-15d21h27m:15,03,22,03,22,08,37,08,37,12
15d08h49m-15d22h42m:42,08,42,15,47,15,47,27,55,27
15d10h00m-15d21h17m:17,15,25,15
15d10h52m-15d23h59m:25,45,45,45,45,40
16d00h30m-16d23h59m:05,20,05,35
16d01h25m-16d22h56m:15,10,15,35,18,35
16d03h00m-16d23h59m:15,40,27,40
16d04h08m-16d23h59m:60,10,60,25
16d05h21m-16d21h33m:57,30,57,45
16d07h15m-16d23h59m:25,25,30,25,30,30,35,30
16d08h35m-16d22h28m:42,08,42,15,47,15,47,27,55,27
16d09h44m-16d22h21m:67,37,67,22
16d11h16m-16d21h08m:50,10,55,10,55,25
17d00h04m-17d21h50m:10,20,10,40,35,40
17d01h23m-17d21h21m:05,20,05,35
17d02h19m-17d22h36m:15,40,27,40
17d03h10m-17d20h52m:60,10,60,25
17d04h27m-17d20h57m:57,30,57,45
17d05h20m-17d20h35m:15,25,15,30,20,30,20,35,30,35,30,40
17d06h07m-17d20h27m:15,03,22,03,22,08,37,08,37,12
17d07h20m-17d21h26m:42,08,42,15,47,15,47,27,55,27
17d08h10m-17d22h16m:17,15,25,15
17d09h29m-17d20h33m:50,10,55,10,55,25
17d10h25m-17d21h58m:10,20,10,40,35,40
17d11h10m-17d20h45m:15,10,15,35,18,35
18d00h14m-18d23h59m:08,03,08,23,20,23
18d01h17m-18d21h12m:57,30,57,45
18d01h53m-18d23h59m:15,25,15,30,20,30,20,35,30,35,30,40
18d02h52m-18d20h52m:25,25,30,25,30,30,35,30
18d04h02m-18d20h10m:42,08,42,15,47,15,47,27,55,27
18d04h36m-18d23h59m:67,37,67,22
18d05h40m-18d23h59m:50,10,55,10,55,25
18d06h45m-18d21h24m:10,20,10,40,35,40
18d07h46m-18d20h09m:15,10,15,35,18,35
18d08h19m-18d23h59m:15,40,27,40
18d09h35m-18d23h59m:60,10,60,25
18d10h20m-18d21h12m:57,30,57,45
18d11h01m-18d21h55m:15,25,15,30,20,30,20,35,30,35,30,40
19d00h16m-19d20h27m:25,25,30,25,30,30,35,30
19d01h24m-19d21h14m:15,03,22,03,22,08,37,08,37,12
19d02h23m-19d20h59m:42,08,42,15,47,15,47,27,55,27
19d03h32m-19d22h43m:17,15,25,15
19d04h49m-19d22h14m:25,45,45,45,45,40
19d05h42m-19d22h46m:05,20,05,35
19d06h32m-19d20h50m:15,10,15,35,18,35
19d07h44m-19d21h12m:15,40,27,40
19d08h49m-19d22h04m:60,10,60,25
19d10h04m-19d22h54m:15,25,15,30,20,30,20,35,30,35,30,40
19d11h15m-19d21h51m:25,25,30,25,30,30,35,30
20d00h14m-20d21h13m:42,08,42,15,47,15,47,27,55,27
20d01h08m-20d21h54m:17,15,25,15
20d01h45m-20d21h32m:25,45,45,45,45,40
20d02h54m-20d23h59m:10,20,10,40,35,40
20d03h30m-20d22h30m:15,10,15,35,18,35
20d04h15m-20d22h54m:08,03,08,23,20,23
20d05h20m-20d23h59m:60,10,60,25
20d06h07m-20d21h50m:57,30,57,45
20d07h11m-20d23h59m:15,25,15,30,20,30,20,35,30,35,30,40
20d07h52m-20d20h50m:25,25,30,25,30,30,35,30
20d08h52m-20d23h59m:15,03,22,03,22,08,37,08,37,12
20d09h44m-20d20h33m:42,08,42,15,47,15,47,27,55,27
20d10h12m-20d21h19m:67,37,67,22
20d11h06m-20d22h20m:17,15,25,15
21d00h13m-21d23h59m:50,10,55,10,55,25
21d01h28m-21d22h39m:10,20,10,40,35,40
21d02h25m-21d20h33m:15,10,15,35,18,35
21d03h02m-21d21h00m:15,40,27,40
21d04h11m-21d22h50m:60,10,60,25
21d05h10m-21d21h54m:57,30,57,45
21d06h00m-21d20h19m:25,25,30,25,30,30,35,30
21d07h10m-21d23h59m:42,08,42,15,47,15,47,27,55,27
21d08h10m-21d22h40m:17,15,25,15
21d09h03m-21d23h59m:50,10,55,10,55,25
21d10h22m-21d21h43m:25,45,45,45,45,40
21d11h17m-21d23h59m:05,20,05,35
22d00h39m-22d20h43m:15,10,15,35,18,35
22d01h57m-22d20h35m:08,03,08,23,20,23
22d03h19m-22d21h17m:60,10,60,25
22d04h06m-22d23h59m:15,25,15,30,20,30,20,35,30,35,30,40
22d05h48m-22d22h10m:25,25,30,25,30,30,35,30
22d07h10m-22d23h59m:42,08,42,15,47,15,47,27,55,27
22d08h14m-22d21h29m:67,37,67,22
22d09h44m-22d23h59m:17,15,25,15
22d10h58m-22d21h39m:50,10,55,10,55,25
23d00h38m-23d22h03m:25,45,45,45,45,40
23d01h31m-23d22h44m:05,20,05,35
23d03h11m-23d23h59m:15,10,15,35,18,35
23d04h36m-23d20h42m:08,03,08,23,20,23
23d06h40m-23d21h38m:60,10,60,25
23d07h51m-23d23h59m:15,25,15,30,20,30,20,35,30,35,30,40
23d09h26m-23d20h40m:25,25,30,25,30,30,35,30
23d10h49m-23d20h46m:15,03,22,03,22,08,37,08,37,12
24d00h10m-24d20h37m:42,08,42,15,47,15,47,27,55,27
24d01h15m-24d23h59m:17,15,25,15
24d02h13m-24d21h26m:50,10,55,10,55,25
24d03h30m-24d23h59m:10,20,10,40,35,40
24d04h29m-24d21h08m:15,10,15,35,18,35
24d05h44m-24d23h59m:08,03,08,23,20,23
24d06h34m-24d22h55m:60,10,60,25
24d08h01m-24d23h59m:15,25,15,30,20,30,20,35,30,35,30,40
24d09h08m-24d23h59m:15,03,22,03,22,08,37,08,37,12
24d10h06m-24d22h09m:42,08,42,15,47,15,47,27,55,27
24d11h11m-24d20h59m:17,15,25,15
25d00h34m-25d23h59m:50,10,55,10,55,25
25d01h41m-25d23h59m:10,20,10,40,35,40
25d03h09m-25d20h08m:05,20,05,35
25d04h35m-25d23h59m:15,10,15,35,18,35
25d05h24m-25d20h50m:08,03,08,23,20,23
25d06h42m-25d22h44m:57,30,57,45
25d08h30m-25d21h43m:15,25,15,30,20,30,20,35,30,35,30,40
25d09h54m-25d22h17m:25,25,30,25,30,30,35,30
25d10h49m-25d22h34m:15,03,22,03,22,08,37,08,37,12
26d00h10m-26d21h04m:67,37,67,22
26d01h03m-26d23h59m:50,10,55,10,55,25
26d01h48m-26d21h26m:25,45,45,45,45,40
26d02h58m-26d21h49m:10,20,10,40,35,40
26d03h38m-26d20h15m:05,20,05,35
26d04h34m-26d21h07m:15,10,15,35,18,35
26d05h29m-26d21h48m:15,40,27,40
26d06h05m-26d22h30m:08,03,08,23,20,23
26d07h07m-26d20h55m:57,30,57,45
26d07h47m-26d23h59m:25,25,30,25,30,30,35,30
26d08h47m-26d22h05m:15,03,22,03,22,08,37,08,37,12
26d09h23m-26d23h59m:42,08,42,15,47,15,47,27,55,27
26d10h18m-26d22h42m:67,37,67,22
26d11h21m-26d21h57m:17,15,25,15
27d00h07m-27d22h50m:25,45,45,45,45,40
27d01h53m-27d21h43m:10,20,10,40,35,40
27d02h43m-27d20h03m:05,20,05,35
27d04h10m-27d20h25m:15,40,27,40
27d05h42m-27d22h59m:08,03,08,23,20,23
27d07h07m-27d21h31m:60,10,60,25
27d08h20m-27d20h47m:57,30,57,45
27d09h37m-27d21h48m:25,25,30,25,30,30,35,30
27d10h50m-27d22h20m:42,08,42,15,47,15,47,27,55,27
28d00h01m-28d23h59m:67,37,67,22
28d02h03m-28d21h36m:50,10,55,10,55,25
28d03h14m-28d23h59m:10,20,10,40,35,40
28d04h49m-28d21h46m:05,20,05,35
28d06h07m-28d21h37m:15,40,27,40
28d07h36m-28d21h29m:08,03,08,23,20,23
28d09h30m-28d21h57m:60,10,60,25
28d10h55m-28d22h24m:15,25,15,30,20,30,20,35,30,35,30,40
